#Layer_Color=16711935
#
#Feature symbol names
#
$0 r3.937
$1 r10
$2 r1.9685
$3 r7.874
$4 rect11.6496x57.0867
$5 rect57.0867x11.6496

#
#Feature attribute names
#

#
#Layer features
#
A -0.4173369 -0.0137794 -0.386794 -0.0000208 -0.4173369 0.0270013 0 P 0 N
A -0.6535433 -0.2423228 -0.6535433 -0.2423228 -0.6732283 -0.2423228 0 P 0 N
A -0.8415525 -0.0000208 -0.8110093 -0.0137795 -0.8110093 0.0270015 0 P 0 N
A -1.5649606 -3.2844488 -1.5649606 -3.2844488 -1.5728346 -3.2844488 2 P 0 N
A -1.6062993 -3.0041337 -1.6062993 -3.0041337 -1.6259843 -3.0041337 0 P 0 N
A -1.7100141 -0.0137794 -1.6794712 -0.0000208 -1.7100141 0.0270013 0 P 0 N
A -2.0631889 -4.6557085 -2.0631889 -4.6557085 -2.0828739 -4.6557085 0 P 0 N
A -2.1082677 -1.6122047 -2.1082677 -1.6122047 -2.1279527 -1.6122047 0 P 0 N
A -2.1342297 -0.0000208 -2.1036865 -0.0137795 -2.1036865 0.0270015 0 P 0 N
A -2.1694882 -3.4832676 -2.1694882 -3.4832676 -2.1891732 -3.4832676 0 P 0 N
A -2.3848424 -2.422244 -2.3690944 -2.406496 -2.3848424 -2.406496 0 P 0 N
A -2.3848424 -2.422244 -2.3966534 -2.434055 -2.3848424 -2.434055 0 P 0 N
A -2.4438976 -2.434055 -2.4557086 -2.422244 -2.4557086 -2.434055 0 P 0 N
A -2.4714566 -2.406496 -2.4557086 -2.422244 -2.4557086 -2.406496 0 P 0 N
A -2.6889761 -0.7992127 -2.6889761 -0.7992127 -2.7086611 -0.7992127 0 P 0 N
A -2.9438977 -4.1948819 -2.9438977 -4.1948819 -2.9635827 -4.1948819 0 P 0 N
L 0 -5.3149606 0 0 0 P 0
L -0.0600393 -0.3838582 -0.0600393 -0.3405511 0 P 0
L -0.0600393 -3.9084645 -0.0600393 -3.8454724 0 P 0
L -0.0728347 -0.4478346 -0.0728347 -0.4261811 0 P 0
L -0.0816928 -0.3405511 -0.0600393 -0.3405511 0 P 0
L -0.0816928 -0.3838582 -0.0600393 -0.3838582 0 P 0
L -0.0816928 -0.3838582 -0.0816928 -0.3405511 0 P 0
L -0.0915353 -3.8454724 -0.0600393 -3.8454724 0 P 0
L -0.0915353 -3.9084645 -0.0600393 -3.9084645 0 P 0
L -0.0915353 -3.9084645 -0.0915353 -3.8454724 0 P 0
L -0.0994094 -4.6643701 -0.0994094 -4.6328741 0 P 0
L -0.1033466 -0.3730316 -0.1033466 -0.319882 0 P 0
L -0.1161418 -0.4261811 -0.0728347 -0.4261811 0 P 0
L -0.1161418 -0.4478346 -0.0728347 -0.4478346 0 P 0
L -0.1161418 -0.4478346 -0.1161418 -0.4261811 0 P 0
L -0.1496062 -4.5915353 -0.1496062 -4.5501968 0 P 0
L -0.1496063 -4.492126 -0.1496063 -4.4507875 0 P 0
L -0.152559 -3.7362205 -0.152559 -3.714567 0 P 0
L -0.152559 -3.8622048 -0.152559 -3.8405513 0 P 0
L -0.1624015 -4.6328741 -0.0994094 -4.6328741 0 P 0
L -0.1624015 -4.6643701 -0.0994094 -4.6643701 0 P 0
L -0.1624015 -4.6643701 -0.1624015 -4.6328741 0 P 0
L -0.1712597 -4.5501968 -0.1496062 -4.5501968 0 P 0
L -0.1712597 -4.5915353 -0.1496062 -4.5915353 0 P 0
L -0.1712597 -4.5915353 -0.1712597 -4.5501968 0 P 0
L -0.1712598 -4.4507875 -0.1496063 -4.4507875 0 P 0
L -0.1712598 -4.492126 -0.1496063 -4.492126 0 P 0
L -0.1712598 -4.492126 -0.1712598 -4.4507875 0 P 0
L -0.1712599 -0.4478346 -0.1712599 -0.4261811 0 P 0
L -0.1899607 -0.319882 -0.1033466 -0.319882 0 P 0
L -0.1899607 -0.3730316 -0.1033466 -0.3730316 0 P 0
L -0.1899607 -0.3730316 -0.1899607 -0.319882 0 P 0
L -0.1899607 -3.944882 -0.1899607 -3.9035435 0 P 0
L -0.1938975 -3.714567 -0.152559 -3.714567 0 P 0
L -0.1938975 -3.7362205 -0.152559 -3.7362205 0 P 0
L -0.1938975 -3.7362205 -0.1938975 -3.714567 0 P 0
L -0.1938975 -3.8405513 -0.152559 -3.8405513 0 P 0
L -0.1938975 -3.8622048 -0.152559 -3.8622048 0 P 0
L -0.1938975 -3.8622048 -0.1938975 -3.8405513 0 P 0
L -0.2037402 -4.1112205 -0.2037402 -4.0246063 0 P 0
L -0.2116142 -3.9035435 -0.1899607 -3.9035435 0 P 0
L -0.2116142 -3.944882 -0.1899607 -3.944882 0 P 0
L -0.2116142 -3.944882 -0.2116142 -3.9035435 0 P 0
L -0.2135827 -0.3838584 -0.2135827 -0.3405513 0 P 0
L -0.214567 -0.4261811 -0.1712599 -0.4261811 0 P 0
L -0.214567 -0.4478346 -0.1712599 -0.4478346 0 P 0
L -0.214567 -0.4478346 -0.214567 -0.4261811 0 P 0
L -0.2273621 -0.1417323 -0.2273621 -0.0551181 0 P 0
L -0.230315 -1.0029528 -0.230315 -0.9812993 0 P 0
L -0.230315 -1.0541339 -0.230315 -1.0324804 0 P 0
L -0.2352362 -0.3405513 -0.2135827 -0.3405513 0 P 0
L -0.2352362 -0.3838584 -0.2135827 -0.3838584 0 P 0
L -0.2352362 -0.3838584 -0.2352362 -0.3405513 0 P 0
L -0.2608268 -4.0246063 -0.2037402 -4.0246063 0 P 0
L -0.2608268 -4.1112205 -0.2037402 -4.1112205 0 P 0
L -0.2608268 -4.1112205 -0.2608268 -4.0246063 0 P 0
L -0.2736221 -0.9812993 -0.230315 -0.9812993 0 P 0
L -0.2736221 -1.0029528 -0.230315 -1.0029528 0 P 0
L -0.2736221 -1.0029528 -0.2736221 -0.9812993 0 P 0
L -0.2736221 -1.0324804 -0.230315 -1.0324804 0 P 0
L -0.2736221 -1.0541339 -0.230315 -1.0541339 0 P 0
L -0.2736221 -1.0541339 -0.2736221 -1.0324804 0 P 0
L -0.2844488 -0.0551181 -0.2273621 -0.0551181 0 P 0
L -0.2844488 -0.1417323 -0.2273621 -0.1417323 0 P 0
L -0.2844488 -0.1417323 -0.2844488 -0.0551181 0 P 0
L -0.3129921 -4.0659449 -0.3129921 -4.0088583 0 P 0
L -0.3159448 -0.1417323 -0.3159448 -0.0551181 0 P 0
L -0.3179134 -4.1190944 -0.3179134 -4.0875984 0 P 0
L -0.3267716 -4.1751968 -0.3267716 -4.1535433 0 P 0
L -0.3671259 -0.5954725 -0.3671259 -0.573819 0 P 0
L -0.3700787 -4.1535433 -0.3267716 -4.1535433 0 P 0
L -0.3700787 -4.1751968 -0.3267716 -4.1751968 0 P 0
L -0.3700787 -4.1751968 -0.3700787 -4.1535433 0 P 0
L -0.3730315 -0.0551181 -0.3159448 -0.0551181 0 P 0
L -0.3730315 -0.1417323 -0.3159448 -0.1417323 0 P 0
L -0.3730315 -0.1417323 -0.3730315 -0.0551181 0 P 0
L -0.380315 -0.5482284 -0.380315 -0.4281497 0 P 0
L -0.3809055 -4.0875984 -0.3179134 -4.0875984 0 P 0
L -0.3809055 -4.1190944 -0.3179134 -4.1190944 0 P 0
L -0.3809055 -4.1190944 -0.3809055 -4.0875984 0 P 0
L -0.386794 0 0 0 0 P 0
L -0.3927166 -3.9655512 -0.3927166 -3.9242127 0 P 0
L -0.3996063 -4.0088583 -0.3129921 -4.0088583 0 P 0
L -0.3996063 -4.0659449 -0.3129921 -4.0659449 0 P 0
L -0.3996063 -4.0659449 -0.3996063 -4.0088583 0 P 0
L -0.4005905 -1.0541339 -0.4005905 -1.0324804 0 P 0
L -0.410433 -0.573819 -0.3671259 -0.573819 0 P 0
L -0.410433 -0.5954725 -0.3671259 -0.5954725 0 P 0
L -0.410433 -0.5954725 -0.410433 -0.573819 0 P 0
L -0.4143701 -3.9242127 -0.3927166 -3.9242127 0 P 0
L -0.4143701 -3.9655512 -0.3927166 -3.9655512 0 P 0
L -0.4143701 -3.9655512 -0.4143701 -3.9242127 0 P 0
L -0.4291338 -1.7421259 -0.4291338 -1.7204724 0 P 0
L -0.4291338 -1.7874015 -0.4291338 -1.765748 0 P 0
L -0.4291338 -2.8917322 -0.4291338 -2.8700787 0 P 0
L -0.4340551 -0.378937 -0.4340551 -0.3375984 0 P 0
L -0.4370079 -0.3110235 -0.4370079 -0.2795275 0 P 0
L -0.4385827 -0.4281497 -0.380315 -0.4281497 0 P 0
L -0.4385827 -0.5482284 -0.380315 -0.5482284 0 P 0
L -0.4385827 -0.5482284 -0.4385827 -0.4281497 0 P 0
L -0.4429134 -3.9753936 -0.4429134 -3.9340551 0 P 0
L -0.4438976 -1.0324804 -0.4005905 -1.0324804 0 P 0
L -0.4438976 -1.0541339 -0.4005905 -1.0541339 0 P 0
L -0.4438976 -1.0541339 -0.4438976 -1.0324804 0 P 0
L -0.4537401 -0.6318897 -0.4537401 -0.5885826 0 P 0
L -0.4547243 0.0137796 -0.4311023 0.0374016 0 P 0
L -0.4547244 0.0374016 -0.4311023 0.0374016 0 P 0
L -0.4547244 -0.1879921 -0.4547244 0.0374016 0 P 0
L -0.4557087 -0.3375984 -0.4340551 -0.3375984 0 P 0
L -0.4557087 -0.378937 -0.4340551 -0.378937 0 P 0
L -0.4557087 -0.378937 -0.4557087 -0.3375984 0 P 0
L -0.4645669 -3.9340551 -0.4429134 -3.9340551 0 P 0
L -0.4645669 -3.9753936 -0.4429134 -3.9753936 0 P 0
L -0.4645669 -3.9753936 -0.4645669 -3.9340551 0 P 0
L -0.4724409 -1.7204724 -0.4291338 -1.7204724 0 P 0
L -0.4724409 -1.7421259 -0.4291338 -1.7421259 0 P 0
L -0.4724409 -1.7421259 -0.4724409 -1.7204724 0 P 0
L -0.4724409 -1.765748 -0.4291338 -1.765748 0 P 0
L -0.4724409 -1.7874015 -0.4291338 -1.7874015 0 P 0
L -0.4724409 -1.7874015 -0.4724409 -1.765748 0 P 0
L -0.4724409 -2.8700787 -0.4291338 -2.8700787 0 P 0
L -0.4724409 -2.8917322 -0.4291338 -2.8917322 0 P 0
L -0.4724409 -2.8917322 -0.4724409 -2.8700787 0 P 0
L -0.4753936 -0.5885826 -0.4537401 -0.5885826 0 P 0
L -0.4753936 -0.6318897 -0.4537401 -0.6318897 0 P 0
L -0.4753936 -0.6318897 -0.4753936 -0.5885826 0 P 0
L -0.4852362 -0.378937 -0.4852362 -0.3375984 0 P 0
L -0.4980316 -0.8956693 -0.4980316 -0.6988189 0 P 0
L -0.5 -0.2795275 -0.4370079 -0.2795275 0 P 0
L -0.5 -0.3110235 -0.4370079 -0.3110235 0 P 0
L -0.5 -0.3110235 -0.5 -0.2795275 0 P 0
L -0.5030079 -4.1324252 -0.5030079 -3.9355748 0 P 0
L -0.5068898 -0.3375984 -0.4852362 -0.3375984 0 P 0
L -0.5068898 -0.378937 -0.4852362 -0.378937 0 P 0
L -0.5068898 -0.378937 -0.5068898 -0.3375984 0 P 0
L -0.5078741 -3.7440945 -0.5078741 -3.722441 0 P 0
L -0.5216536 -0.3681102 -0.5216536 -0.3464567 0 P 0
L -0.527559 -0.3041338 -0.527559 -0.2608267 0 P 0
L -0.527559 -3.8395668 -0.527559 -3.8179133 0 P 0
L -0.5285433 -3.7952755 -0.5285433 -3.773622 0 P 0
L -0.5417323 -0.6505905 -0.5417323 -0.5305118 0 P 0
L -0.5417324 -0.5108269 -0.5417324 -0.3907482 0 P 0
L -0.5492125 -0.2608267 -0.527559 -0.2608267 0 P 0
L -0.5492125 -0.3041338 -0.527559 -0.3041338 0 P 0
L -0.5492125 -0.3041338 -0.5492125 -0.2608267 0 P 0
L -0.5511812 -3.722441 -0.5078741 -3.722441 0 P 0
L -0.5511812 -3.7440945 -0.5078741 -3.7440945 0 P 0
L -0.5511812 -3.7440945 -0.5511812 -3.722441 0 P 0
L -0.5649607 -0.3464567 -0.5216536 -0.3464567 0 P 0
L -0.5649607 -0.3681102 -0.5216536 -0.3681102 0 P 0
L -0.5649607 -0.3681102 -0.5649607 -0.3464567 0 P 0
L -0.5698818 -3.773622 -0.5285433 -3.773622 0 P 0
L -0.5698818 -3.7952755 -0.5285433 -3.7952755 0 P 0
L -0.5698818 -3.7952755 -0.5698818 -3.773622 0 P 0
L -0.5708661 -3.8179133 -0.527559 -3.8179133 0 P 0
L -0.5708661 -3.8395668 -0.527559 -3.8395668 0 P 0
L -0.5708661 -3.8395668 -0.5708661 -3.8179133 0 P 0
L -0.5738189 -0.3711811 -0.5738189 -0.2530709 0 P 0
L -0.5954724 -3.8946851 -0.5954724 -3.8730316 0 P 0
L -0.6 -0.5305118 -0.5417323 -0.5305118 0 P 0
L -0.6 -0.6505905 -0.5417323 -0.6505905 0 P 0
L -0.6 -0.6505905 -0.6 -0.5305118 0 P 0
L -0.6000001 -0.3907482 -0.5417324 -0.3907482 0 P 0
L -0.6000001 -0.5108269 -0.5417324 -0.5108269 0 P 0
L -0.6000001 -0.5108269 -0.6000001 -0.3907482 0 P 0
L -0.609252 -3.8228347 -0.609252 -3.7814962 0 P 0
L -0.6240158 -0.6988189 -0.4980316 -0.6988189 0 P 0
L -0.6240158 -0.8956693 -0.4980316 -0.8956693 0 P 0
L -0.6240158 -0.8956693 -0.6240158 -0.6988189 0 P 0
L -0.628937 -0.2530709 -0.5738189 -0.2530709 0 P 0
L -0.628937 -0.3711811 -0.5738189 -0.3711811 0 P 0
L -0.628937 -0.3711811 -0.628937 -0.2530709 0 P 0
L -0.6289921 -3.9355748 -0.5030079 -3.9355748 0 P 0
L -0.6289921 -4.1324252 -0.5030079 -4.1324252 0 P 0
L -0.6289921 -4.1324252 -0.6289921 -3.9355748 0 P 0
L -0.6309055 -3.7814962 -0.609252 -3.7814962 0 P 0
L -0.6309055 -3.8228347 -0.609252 -3.8228347 0 P 0
L -0.6309055 -3.8228347 -0.6309055 -3.7814962 0 P 0
L -0.6368109 -3.8730316 -0.5954724 -3.8730316 0 P 0
L -0.6368109 -3.8946851 -0.5954724 -3.8946851 0 P 0
L -0.6368109 -3.8946851 -0.6368109 -3.8730316 0 P 0
L -0.6387795 -0.3415354 -0.6387795 -0.2194882 0 P 0
L -0.6535432 -3.8238192 -0.6535432 -3.7805121 0 P 0
L -0.6545275 -0.8001969 -0.6545275 -0.7588583 0 P 0
L -0.6545275 -0.875 -0.6545275 -0.8336614 0 P 0
L -0.6624016 -0.4586614 -0.6624016 -0.4153543 0 P 0
L -0.6663386 -0.6220472 -0.6663386 -0.6003937 0 P 0
L -0.6673228 -0.6574804 -0.6673228 -0.6358268 0 P 0
L -0.6751967 -3.7805121 -0.6535432 -3.7805121 0 P 0
L -0.6751967 -3.8238192 -0.6535432 -3.8238192 0 P 0
L -0.6751967 -3.8238192 -0.6751967 -3.7805121 0 P 0
L -0.6761811 -0.7588583 -0.6545275 -0.7588583 0 P 0
L -0.6761811 -0.8001969 -0.6545275 -0.8001969 0 P 0
L -0.6761811 -0.8001969 -0.6761811 -0.7588583 0 P 0
L -0.6761811 -0.8336614 -0.6545275 -0.8336614 0 P 0
L -0.6761811 -0.875 -0.6545275 -0.875 0 P 0
L -0.6761811 -0.875 -0.6761811 -0.8336614 0 P 0
L -0.6840551 -0.4153543 -0.6624016 -0.4153543 0 P 0
L -0.6840551 -0.4586614 -0.6624016 -0.4586614 0 P 0
L -0.6840551 -0.4586614 -0.6840551 -0.4153543 0 P 0
L -0.7017716 -0.2923228 -0.7017716 -0.2509842 0 P 0
L -0.7086614 -0.6358268 -0.6673228 -0.6358268 0 P 0
L -0.7086614 -0.6574804 -0.6673228 -0.6574804 0 P 0
L -0.7086614 -0.6574804 -0.7086614 -0.6358268 0 P 0
L -0.7096457 -0.6003937 -0.6663386 -0.6003937 0 P 0
L -0.7096457 -0.6220472 -0.6663386 -0.6220472 0 P 0
L -0.7096457 -0.6220472 -0.7096457 -0.6003937 0 P 0
L -0.7234252 -0.2509842 -0.7017716 -0.2509842 0 P 0
L -0.7234252 -0.2923228 -0.7017716 -0.2923228 0 P 0
L -0.7234252 -0.2923228 -0.7234252 -0.2509842 0 P 0
L -0.7372048 -0.293307 -0.7372048 -0.2499999 0 P 0
L -0.7519542 -0.0138976 -0.4756838 -0.0138976 0 P 0
L -0.7539369 -0.7194882 -0.7539369 -0.6978346 0 P 0
L -0.7588583 -0.2499999 -0.7372048 -0.2499999 0 P 0
L -0.7588583 -0.293307 -0.7372048 -0.293307 0 P 0
L -0.7588583 -0.293307 -0.7588583 -0.2499999 0 P 0
L -0.761811 -0.0137795 -0.4665354 -0.0137795 0 P 0
L -0.773622 0.0374016 -0.4547244 0.0374016 0 P 0
L -0.773622 -0.1879921 -0.4547244 -0.1879921 0 P 0
L -0.773622 -0.1879921 -0.773622 0.0374016 0 P 0
L -0.7834645 -0.5492126 -0.7834645 -0.5059055 0 P 0
L -0.7834646 -0.6279528 -0.7834646 -0.5846457 0 P 0
L -0.7913385 -0.3848425 -0.7913385 -0.363189 0 P 0
L -0.7923229 -0.4311024 -0.7923229 -0.4094489 0 P 0
L -0.7952755 -0.6978346 -0.7539369 -0.6978346 0 P 0
L -0.7952755 -0.7194882 -0.7539369 -0.7194882 0 P 0
L -0.7952755 -0.7194882 -0.7952755 -0.6978346 0 P 0
L -0.7972441 0.0374016 -0.773622 0.0374016 0 P 0
L -0.7972441 0.0374016 -0.7736221 0.0137796 0 P 0
L -0.805118 -0.5059055 -0.7834645 -0.5059055 0 P 0
L -0.805118 -0.5492126 -0.7834645 -0.5492126 0 P 0
L -0.805118 -0.5492126 -0.805118 -0.5059055 0 P 0
L -0.8051181 -0.5846457 -0.7834646 -0.5846457 0 P 0
L -0.8051181 -0.6279528 -0.7834646 -0.6279528 0 P 0
L -0.8051181 -0.6279528 -0.8051181 -0.5846457 0 P 0
L -0.8110093 -0.0137795 -0.4173369 -0.0137795 0 P 0
L -0.8129922 -0.1496062 -0.8129922 -0.1279527 0 P 0
L -0.8139765 -0.1938977 -0.8139765 -0.1722442 0 P 0
L -0.8159449 -0.2194882 -0.6387795 -0.2194882 0 P 0
L -0.8159449 -0.3415354 -0.6387795 -0.3415354 0 P 0
L -0.8159449 -0.3415354 -0.8159449 -0.2194882 0 P 0
L -0.8238189 -0.3966535 -0.8238189 -0.375 0 P 0
L -0.8238189 -0.4311024 -0.8238189 -0.4094489 0 P 0
L -0.8336614 -0.4094489 -0.7923229 -0.4094489 0 P 0
L -0.8336614 -0.4311024 -0.7923229 -0.4311024 0 P 0
L -0.8336614 -0.4311024 -0.8336614 -0.4094489 0 P 0
L -0.8346456 -0.363189 -0.7913385 -0.363189 0 P 0
L -0.8346456 -0.3848425 -0.7913385 -0.3848425 0 P 0
L -0.8346456 -0.3848425 -0.8346456 -0.363189 0 P 0
L -0.8405511 -0.8277559 -0.8405511 -0.5482283 0 P 0
L -0.855315 -0.1722442 -0.8139765 -0.1722442 0 P 0
L -0.855315 -0.1938977 -0.8139765 -0.1938977 0 P 0
L -0.855315 -0.1938977 -0.855315 -0.1722442 0 P 0
L -0.8562993 -0.1279527 -0.8129922 -0.1279527 0 P 0
L -0.8562993 -0.1496062 -0.8129922 -0.1496062 0 P 0
L -0.8562993 -0.1496062 -0.8562993 -0.1279527 0 P 0
L -0.8628189 -1.1304017 -0.8628189 -1.0870946 0 P 0
L -0.8641722 -2.9013381 -0.8641722 -2.8796846 0 P 0
L -0.8641722 -3.0017318 -0.8641722 -2.9800783 0 P 0
L -0.8641732 -3.1023621 -0.8641732 -3.0807086 0 P 0
L -0.867126 -0.375 -0.8238189 -0.375 0 P 0
L -0.867126 -0.3966535 -0.8238189 -0.3966535 0 P 0
L -0.867126 -0.3966535 -0.867126 -0.375 0 P 0
L -0.867126 -0.4094489 -0.8238189 -0.4094489 0 P 0
L -0.867126 -0.4311024 -0.8238189 -0.4311024 0 P 0
L -0.867126 -0.4311024 -0.867126 -0.4094489 0 P 0
L -0.8844724 -1.0870946 -0.8628189 -1.0870946 0 P 0
L -0.8844724 -1.1304017 -0.8628189 -1.1304017 0 P 0
L -0.8844724 -1.1304017 -0.8844724 -1.0870946 0 P 0
L -0.8956692 -0.4753937 -0.8956692 -0.4537401 0 P 0
L -0.8956692 -0.5108268 -0.8956692 -0.4891732 0 P 0
L -0.8956692 -4.176181 -0.8956692 -4.1545275 0 P 0
L -0.9015748 -0.3149606 -0.9015748 -0.0708662 3 P 0
L -0.9074793 -2.8796846 -0.8641722 -2.8796846 0 P 0
L -0.9074793 -2.9013381 -0.8641722 -2.9013381 0 P 0
L -0.9074793 -2.9013381 -0.9074793 -2.8796846 0 P 0
L -0.9074793 -2.9800783 -0.8641722 -2.9800783 0 P 0
L -0.9074793 -3.0017318 -0.8641722 -3.0017318 0 P 0
L -0.9074793 -3.0017318 -0.9074793 -2.9800783 0 P 0
L -0.9074803 -0.3966535 -0.9074803 -0.375 0 P 0
L -0.9074803 -3.0807086 -0.8641732 -3.0807086 0 P 0
L -0.9074803 -3.1023621 -0.8641732 -3.1023621 0 P 0
L -0.9074803 -3.1023621 -0.9074803 -3.0807086 0 P 0
L -0.9084646 -0.4311024 -0.9084646 -0.4094488 0 P 0
L -0.9130157 -1.1304018 -0.9130157 -1.0870947 0 P 0
L -0.9133858 -3.7962599 -0.9133858 -3.7529528 0 P 0
L -0.9346692 -1.0870947 -0.9130157 -1.0870947 0 P 0
L -0.9346692 -1.1304018 -0.9130157 -1.1304018 0 P 0
L -0.9346692 -1.1304018 -0.9346692 -1.0870947 0 P 0
L -0.9350393 -3.7529528 -0.9133858 -3.7529528 0 P 0
L -0.9350393 -3.7962599 -0.9133858 -3.7962599 0 P 0
L -0.9350393 -3.7962599 -0.9350393 -3.7529528 0 P 0
L -0.9370078 -0.4537401 -0.8956692 -0.4537401 0 P 0
L -0.9370078 -0.4753937 -0.8956692 -0.4753937 0 P 0
L -0.9370078 -0.4753937 -0.9370078 -0.4537401 0 P 0
L -0.9370078 -0.4891732 -0.8956692 -0.4891732 0 P 0
L -0.9370078 -0.5108268 -0.8956692 -0.5108268 0 P 0
L -0.9370078 -0.5108268 -0.9370078 -0.4891732 0 P 0
L -0.9389763 -4.1545275 -0.8956692 -4.1545275 0 P 0
L -0.9389763 -4.176181 -0.8956692 -4.176181 0 P 0
L -0.9389763 -4.176181 -0.9389763 -4.1545275 0 P 0
L -0.9498032 -0.4094488 -0.9084646 -0.4094488 0 P 0
L -0.9498032 -0.4311024 -0.9084646 -0.4311024 0 P 0
L -0.9498032 -0.4311024 -0.9498032 -0.4094488 0 P 0
L -0.9507874 -0.375 -0.9074803 -0.375 0 P 0
L -0.9507874 -0.3966535 -0.9074803 -0.3966535 0 P 0
L -0.9507874 -0.3966535 -0.9507874 -0.375 0 P 0
L -0.9632125 -1.1304018 -0.9632125 -1.0870947 0 P 0
L -0.9699903 -3.3247242 -0.9699903 -3.3030707 0 P 0
L -0.9702363 -3.2341731 -0.9702363 -3.2125196 0 P 0
L -0.9702363 -3.2794485 -0.9702363 -3.257795 0 P 0
L -0.9702363 -3.4152755 -0.9702363 -3.393622 0 P 0
L -0.9702363 -3.4605511 -0.9702363 -3.4388976 0 P 0
L -0.9702363 -3.5511022 -0.9702363 -3.5294487 0 P 0
L -0.9702364 -3.5058268 -0.9702364 -3.4841733 0 P 0
L -0.9734249 -0.8848425 -0.9734249 -0.8631889 0 P 0
L -0.9734252 -0.9143701 -0.9734252 -0.8927165 0 P 0
L -0.9783464 -0.4753937 -0.9783464 -0.4537401 0 P 0
L -0.9783464 -0.5108268 -0.9783464 -0.4891732 0 P 0
L -0.984866 -1.0870947 -0.9632125 -1.0870947 0 P 0
L -0.984866 -1.1304018 -0.9632125 -1.1304018 0 P 0
L -0.984866 -1.1304018 -0.984866 -1.0870947 0 P 0
L -0.9862203 -2.7017716 -0.9862203 -2.6604331 0 P 0
L -0.9862204 -2.5295276 -0.9862204 -2.4862205 0 P 0
L -0.9931103 -0.255315 -0.9931103 -0.1895669 0 P 0
L -1.0078738 -2.6604331 -0.9862203 -2.6604331 0 P 0
L -1.0078738 -2.7017716 -0.9862203 -2.7017716 0 P 0
L -1.0078738 -2.7017716 -1.0078738 -2.6604331 0 P 0
L -1.0078739 -2.4862205 -0.9862204 -2.4862205 0 P 0
L -1.0078739 -2.5295276 -0.9862204 -2.5295276 0 P 0
L -1.0078739 -2.5295276 -1.0078739 -2.4862205 0 P 0
L -1.0132974 -3.3030707 -0.9699903 -3.3030707 0 P 0
L -1.0132974 -3.3247242 -0.9699903 -3.3247242 0 P 0
L -1.0132974 -3.3247242 -1.0132974 -3.3030707 0 P 0
L -1.0134094 -1.1304017 -1.0134094 -1.0870946 0 P 0
L -1.0135434 -3.2125196 -0.9702363 -3.2125196 0 P 0
L -1.0135434 -3.2341731 -0.9702363 -3.2341731 0 P 0
L -1.0135434 -3.2341731 -1.0135434 -3.2125196 0 P 0
L -1.0135434 -3.257795 -0.9702363 -3.257795 0 P 0
L -1.0135434 -3.2794485 -0.9702363 -3.2794485 0 P 0
L -1.0135434 -3.2794485 -1.0135434 -3.257795 0 P 0
L -1.0135434 -3.393622 -0.9702363 -3.393622 0 P 0
L -1.0135434 -3.4152755 -0.9702363 -3.4152755 0 P 0
L -1.0135434 -3.4152755 -1.0135434 -3.393622 0 P 0
L -1.0135434 -3.4388976 -0.9702363 -3.4388976 0 P 0
L -1.0135434 -3.4605511 -0.9702363 -3.4605511 0 P 0
L -1.0135434 -3.4605511 -1.0135434 -3.4388976 0 P 0
L -1.0135434 -3.5294487 -0.9702363 -3.5294487 0 P 0
L -1.0135434 -3.5511022 -0.9702363 -3.5511022 0 P 0
L -1.0135434 -3.5511022 -1.0135434 -3.5294487 0 P 0
L -1.0135435 -3.4841733 -0.9702364 -3.4841733 0 P 0
L -1.0135435 -3.5058268 -0.9702364 -3.5058268 0 P 0
L -1.0135435 -3.5058268 -1.0135435 -3.4841733 0 P 0
L -1.0137785 -3.7960233 -1.0137785 -3.7527162 0 P 0
L -1.0147635 -0.8631889 -0.9734249 -0.8631889 0 P 0
L -1.0147635 -0.8848425 -0.9734249 -0.8848425 0 P 0
L -1.0147635 -0.8848425 -1.0147635 -0.8631889 0 P 0
L -1.0147638 -0.8927165 -0.9734252 -0.8927165 0 P 0
L -1.0147638 -0.9143701 -0.9734252 -0.9143701 0 P 0
L -1.0147638 -0.9143701 -1.0147638 -0.8927165 0 P 0
L -1.019685 -0.4537401 -0.9783464 -0.4537401 0 P 0
L -1.019685 -0.4753937 -0.9783464 -0.4753937 0 P 0
L -1.019685 -0.4753937 -1.019685 -0.4537401 0 P 0
L -1.019685 -0.4891732 -0.9783464 -0.4891732 0 P 0
L -1.019685 -0.5108268 -0.9783464 -0.5108268 0 P 0
L -1.019685 -0.5108268 -1.019685 -0.4891732 0 P 0
L -1.0295275 -2.7086614 -1.0295275 -2.472441 3 P 0
L -1.0350629 -1.0870946 -1.0134094 -1.0870946 0 P 0
L -1.0350629 -1.1304017 -1.0134094 -1.1304017 0 P 0
L -1.0350629 -1.1304017 -1.0350629 -1.0870946 0 P 0
L -1.035432 -3.7527162 -1.0137785 -3.7527162 0 P 0
L -1.035432 -3.7960233 -1.0137785 -3.7960233 0 P 0
L -1.035432 -3.7960233 -1.035432 -3.7527162 0 P 0
L -1.0770237 -1.1304018 -1.0770237 -1.0870947 0 P 0
L -1.0986772 -1.0870947 -1.0770237 -1.0870947 0 P 0
L -1.0986772 -1.1304018 -1.0770237 -1.1304018 0 P 0
L -1.0986772 -1.1304018 -1.0986772 -1.0870947 0 P 0
L -1.0991729 -3.3699999 -1.0991729 -3.3483464 0 P 0
L -1.0991734 -3.2341732 -1.0991734 -3.2125197 0 P 0
L -1.0991734 -3.2794486 -1.0991734 -3.2577951 0 P 0
L -1.0991734 -3.3247243 -1.0991734 -3.3030708 0 P 0
L -1.0991734 -3.4152756 -1.0991734 -3.3936221 0 P 0
L -1.0991734 -3.4605512 -1.0991734 -3.4388977 0 P 0
L -1.0991734 -3.5058268 -1.0991734 -3.4841733 0 P 0
L -1.0991734 -3.5511023 -1.0991734 -3.5294488 0 P 0
L -1.0991734 -3.5953936 -1.0991734 -3.5737401 0 P 0
L -1.1112205 -0.1895669 -0.9931103 -0.1895669 0 P 0
L -1.1112205 -0.255315 -0.9931103 -0.255315 0 P 0
L -1.1112205 -0.255315 -1.1112205 -0.1895669 0 P 0
L -1.1200787 -0.5482283 -0.8405511 -0.5482283 0 P 0
L -1.1200787 -0.8277559 -0.8405511 -0.8277559 0 P 0
L -1.1200787 -0.8277559 -1.1200787 -0.5482283 0 P 0
L -1.128937 -0.2805117 -1.128937 -0.2372046 0 P 0
L -1.1289371 -0.2017716 -1.1289371 -0.1584645 0 P 0
L -1.1291891 -1.1304018 -1.1291891 -1.0870947 0 P 0
L -1.14248 -3.3483464 -1.0991729 -3.3483464 0 P 0
L -1.14248 -3.3699999 -1.0991729 -3.3699999 0 P 0
L -1.14248 -3.3699999 -1.14248 -3.3483464 0 P 0
L -1.1424805 -3.2125197 -1.0991734 -3.2125197 0 P 0
L -1.1424805 -3.2341732 -1.0991734 -3.2341732 0 P 0
L -1.1424805 -3.2341732 -1.1424805 -3.2125197 0 P 0
L -1.1424805 -3.2577951 -1.0991734 -3.2577951 0 P 0
L -1.1424805 -3.2794486 -1.0991734 -3.2794486 0 P 0
L -1.1424805 -3.2794486 -1.1424805 -3.2577951 0 P 0
L -1.1424805 -3.3030708 -1.0991734 -3.3030708 0 P 0
L -1.1424805 -3.3247243 -1.0991734 -3.3247243 0 P 0
L -1.1424805 -3.3247243 -1.1424805 -3.3030708 0 P 0
L -1.1424805 -3.3936221 -1.0991734 -3.3936221 0 P 0
L -1.1424805 -3.4152756 -1.0991734 -3.4152756 0 P 0
L -1.1424805 -3.4152756 -1.1424805 -3.3936221 0 P 0
L -1.1424805 -3.4388977 -1.0991734 -3.4388977 0 P 0
L -1.1424805 -3.4605512 -1.0991734 -3.4605512 0 P 0
L -1.1424805 -3.4605512 -1.1424805 -3.4388977 0 P 0
L -1.1424805 -3.4841733 -1.0991734 -3.4841733 0 P 0
L -1.1424805 -3.5058268 -1.0991734 -3.5058268 0 P 0
L -1.1424805 -3.5058268 -1.1424805 -3.4841733 0 P 0
L -1.1424805 -3.5294488 -1.0991734 -3.5294488 0 P 0
L -1.1424805 -3.5511023 -1.0991734 -3.5511023 0 P 0
L -1.1424805 -3.5511023 -1.1424805 -3.5294488 0 P 0
L -1.1424805 -3.5737401 -1.0991734 -3.5737401 0 P 0
L -1.1424805 -3.5953936 -1.0991734 -3.5953936 0 P 0
L -1.1424805 -3.5953936 -1.1424805 -3.5737401 0 P 0
L -1.1456692 -0.0708662 -0.9015748 -0.0708662 3 P 0
L -1.1456692 -0.3149606 -0.9015748 -0.3149606 3 P 0
L -1.1456692 -0.3149606 -1.1456692 -0.0708662 3 P 0
L -1.1505905 -0.2372046 -1.128937 -0.2372046 0 P 0
L -1.1505905 -0.2805117 -1.128937 -0.2805117 0 P 0
L -1.1505905 -0.2805117 -1.1505905 -0.2372046 0 P 0
L -1.1505906 -0.1584645 -1.1289371 -0.1584645 0 P 0
L -1.1505906 -0.2017716 -1.1289371 -0.2017716 0 P 0
L -1.1505906 -0.2017716 -1.1505906 -0.1584645 0 P 0
L -1.1508426 -1.0870947 -1.1291891 -1.0870947 0 P 0
L -1.1508426 -1.1304018 -1.1291891 -1.1304018 0 P 0
L -1.1508426 -1.1304018 -1.1508426 -1.0870947 0 P 0
L -1.1653542 -0.7529528 -1.1653542 -0.7116142 0 P 0
L -1.1771654 -0.3149606 -1.1771654 -0.0708662 3 P 0
L -1.1813545 -1.1304019 -1.1813545 -1.0870948 0 P 0
L -1.1850393 -0.398622 -1.1850393 -0.3769685 0 P 0
L -1.1870078 -0.7116142 -1.1653542 -0.7116142 0 P 0
L -1.1870078 -0.7529528 -1.1653542 -0.7529528 0 P 0
L -1.1870078 -0.7529528 -1.1870078 -0.7116142 0 P 0
L -1.199803 -0.7529528 -1.199803 -0.7116142 0 P 0
L -1.203008 -1.0870948 -1.1813545 -1.0870948 0 P 0
L -1.203008 -1.1304019 -1.1813545 -1.1304019 0 P 0
L -1.203008 -1.1304019 -1.203008 -1.0870948 0 P 0
L -1.2076772 -1.6545275 -1.2076772 -1.632874 0 P 0
L -1.2076772 -1.871063 -1.2076772 -1.8494095 0 P 0
L -1.2076772 -2.1427165 -1.2076772 -2.121063 0 P 0
L -1.2076772 -2.1860236 -1.2076772 -2.1643701 0 P 0
L -1.221456 -0.624999 -1.221456 -0.6033454 0 P 0
L -1.2214566 -0.7116142 -1.199803 -0.7116142 0 P 0
L -1.2214566 -0.7529528 -1.199803 -0.7529528 0 P 0
L -1.2214566 -0.7529528 -1.2214566 -0.7116142 0 P 0
L -1.2263775 -0.6732274 -1.2263775 -0.6417314 0 P 0
L -1.2263779 -2.472441 -1.0295275 -2.472441 3 P 0
L -1.2263779 -2.7086614 -1.0295275 -2.7086614 3 P 0
L -1.2263779 -2.7086614 -1.2263779 -2.472441 3 P 0
L -1.2283464 -0.3769685 -1.1850393 -0.3769685 0 P 0
L -1.2283464 -0.398622 -1.1850393 -0.398622 0 P 0
L -1.2283464 -0.398622 -1.2283464 -0.3769685 0 P 0
L -1.2443465 -1.1306687 -1.2443465 -1.0873616 0 P 0
L -1.2490157 -1.632874 -1.2076772 -1.632874 0 P 0
L -1.2490157 -1.6545275 -1.2076772 -1.6545275 0 P 0
L -1.2490157 -1.6545275 -1.2490157 -1.632874 0 P 0
L -1.2490157 -1.8494095 -1.2076772 -1.8494095 0 P 0
L -1.2490157 -1.871063 -1.2076772 -1.871063 0 P 0
L -1.2490157 -1.871063 -1.2490157 -1.8494095 0 P 0
L -1.2490157 -2.121063 -1.2076772 -2.121063 0 P 0
L -1.2490157 -2.1427165 -1.2076772 -2.1427165 0 P 0
L -1.2490157 -2.1427165 -1.2490157 -2.121063 0 P 0
L -1.2490157 -2.1643701 -1.2076772 -2.1643701 0 P 0
L -1.2490157 -2.1860236 -1.2076772 -2.1860236 0 P 0
L -1.2490157 -2.1860236 -1.2490157 -2.1643701 0 P 0
L -1.2598425 -0.5009842 -1.2598425 -0.4438975 0 P 0
L -1.2627946 -0.6033454 -1.221456 -0.6033454 0 P 0
L -1.2627946 -0.624999 -1.221456 -0.624999 0 P 0
L -1.2627946 -0.624999 -1.2627946 -0.6033454 0 P 0
L -1.266 -1.0873616 -1.2443465 -1.0873616 0 P 0
L -1.266 -1.1306687 -1.2443465 -1.1306687 0 P 0
L -1.266 -1.1306687 -1.266 -1.0873616 0 P 0
L -1.2893696 -0.6417314 -1.2263775 -0.6417314 0 P 0
L -1.2893696 -0.6732274 -1.2263775 -0.6732274 0 P 0
L -1.2893696 -0.6732274 -1.2893696 -0.6417314 0 P 0
L -1.3073387 -1.1306688 -1.3073387 -1.0873617 0 P 0
L -1.3289922 -1.0873617 -1.3073387 -1.0873617 0 P 0
L -1.3289922 -1.1306688 -1.3073387 -1.1306688 0 P 0
L -1.3289922 -1.1306688 -1.3289922 -1.0873617 0 P 0
L -1.3464567 -0.4438975 -1.2598425 -0.4438975 0 P 0
L -1.3464567 -0.5009842 -1.2598425 -0.5009842 0 P 0
L -1.3464567 -0.5009842 -1.3464567 -0.4438975 0 P 0
L -1.3722993 -1.1306688 -1.3722993 -1.0873617 0 P 0
L -1.3769685 -3.492126 -1.3769685 -3.4704725 0 P 0
L -1.3779527 -2.3622047 -1.3779527 -1.5748032 0 P 0
L -1.3799213 -0.476378 -1.3799213 -0.4330709 0 P 0
L -1.3937009 -0.4921259 -1.3937009 -0.4488188 0 P 0
L -1.3939528 -1.0873617 -1.3722993 -1.0873617 0 P 0
L -1.3939528 -1.1306688 -1.3722993 -1.1306688 0 P 0
L -1.3939528 -1.1306688 -1.3939528 -1.0873617 0 P 0
L -1.4015748 -0.4330709 -1.3799213 -0.4330709 0 P 0
L -1.4015748 -0.476378 -1.3799213 -0.476378 0 P 0
L -1.4015748 -0.476378 -1.4015748 -0.4330709 0 P 0
L -1.4153543 -3.0452756 -1.4153543 -3.0039371 0 P 0
L -1.4153544 -0.4488188 -1.3937009 -0.4488188 0 P 0
L -1.4153544 -0.4921259 -1.3937009 -0.4921259 0 P 0
L -1.4153544 -0.4921259 -1.4153544 -0.4488188 0 P 0
L -1.4163387 -2.5324803 -1.4163387 -2.4911418 0 P 0
L -1.4164567 -4.1614173 -1.4164567 -4.1181102 0 P 0
L -1.4202756 -3.4704725 -1.3769685 -3.4704725 0 P 0
L -1.4202756 -3.492126 -1.3769685 -3.492126 0 P 0
L -1.4202756 -3.492126 -1.4202756 -3.4704725 0 P 0
L -1.4212598 -0.0708662 -1.1771654 -0.0708662 3 P 0
L -1.4212598 -0.3149606 -1.1771654 -0.3149606 3 P 0
L -1.4212598 -0.3149606 -1.4212598 -0.0708662 3 P 0
L -1.4301181 -0.4763779 -1.4301181 -0.4330708 0 P 0
L -1.4370078 -3.0039371 -1.4153543 -3.0039371 0 P 0
L -1.4370078 -3.0452756 -1.4153543 -3.0452756 0 P 0
L -1.4370078 -3.0452756 -1.4370078 -3.0039371 0 P 0
L -1.4379922 -2.4911418 -1.4163387 -2.4911418 0 P 0
L -1.4379922 -2.5324803 -1.4163387 -2.5324803 0 P 0
L -1.4379922 -2.5324803 -1.4379922 -2.4911418 0 P 0
L -1.4381102 -4.1181102 -1.4164567 -4.1181102 0 P 0
L -1.4381102 -4.1614173 -1.4164567 -4.1614173 0 P 0
L -1.4381102 -4.1614173 -1.4381102 -4.1181102 0 P 0
L -1.4517716 -0.4330708 -1.4301181 -0.4330708 0 P 0
L -1.4517716 -0.4763779 -1.4301181 -0.4763779 0 P 0
L -1.4517716 -0.4763779 -1.4517716 -0.4330708 0 P 0
L -1.4655512 -3.3533465 -1.4655512 -3.2706693 0 P 0
L -1.4742125 -0.4438976 -1.4742125 -0.0383858 0 P 0
L -1.4753936 -3.5344489 -1.4753936 -3.4557087 0 P 0
L -1.4763779 -3.4330709 -1.4763779 -3.4114174 0 P 0
L -1.476378 -3.257874 -1.476378 -3.2362205 0 P 0
L -1.4981655 -2.5787166 -1.4981655 -2.5354095 0 P 0
L -1.5148819 -4.1614173 -1.5148819 -4.1181102 0 P 0
L -1.5167322 -3.1742125 -1.5167322 -2.9773621 0 P 0
L -1.5177164 -3.4114174 -1.4763779 -3.4114174 0 P 0
L -1.5177164 -3.4330709 -1.4763779 -3.4330709 0 P 0
L -1.5177164 -3.4330709 -1.5177164 -3.4114174 0 P 0
L -1.5177165 -3.2362205 -1.476378 -3.2362205 0 P 0
L -1.5177165 -3.257874 -1.476378 -3.257874 0 P 0
L -1.5177165 -3.257874 -1.5177165 -3.2362205 0 P 0
L -1.519819 -2.5354095 -1.4981655 -2.5354095 0 P 0
L -1.519819 -2.5787166 -1.4981655 -2.5787166 0 P 0
L -1.519819 -2.5787166 -1.519819 -2.5354095 0 P 0
L -1.5365354 -4.1181102 -1.5148819 -4.1181102 0 P 0
L -1.5365354 -4.1614173 -1.5148819 -4.1614173 0 P 0
L -1.5365354 -4.1614173 -1.5365354 -4.1181102 0 P 0
L -1.5434411 -2.5787166 -1.5434411 -2.5354095 0 P 0
L -1.5650946 -2.5354095 -1.5434411 -2.5354095 0 P 0
L -1.5650946 -2.5787166 -1.5434411 -2.5787166 0 P 0
L -1.5650946 -2.5787166 -1.5650946 -2.5354095 0 P 0
L -1.5875984 -3.2706693 -1.4655512 -3.2706693 0 P 0
L -1.5875984 -3.3533465 -1.4655512 -3.3533465 0 P 0
L -1.5875984 -3.3533465 -1.5875984 -3.2706693 0 P 0
L -1.5875985 -2.5787402 -1.5875985 -2.5354331 0 P 0
L -1.5935038 -3.4557087 -1.4753936 -3.4557087 0 P 0
L -1.5935038 -3.5344489 -1.4753936 -3.5344489 0 P 0
L -1.5935038 -3.5344489 -1.5935038 -3.4557087 0 P 0
L -1.609252 -2.5354331 -1.5875985 -2.5354331 0 P 0
L -1.609252 -2.5787402 -1.5875985 -2.5787402 0 P 0
L -1.609252 -2.5787402 -1.609252 -2.5354331 0 P 0
L -1.6133071 -4.1614173 -1.6133071 -4.1181102 0 P 0
L -1.6320238 -2.5787165 -1.6320238 -2.5354094 0 P 0
L -1.6349606 -4.1181102 -1.6133071 -4.1181102 0 P 0
L -1.6349606 -4.1614173 -1.6133071 -4.1614173 0 P 0
L -1.6349606 -4.1614173 -1.6349606 -4.1181102 0 P 0
L -1.6536773 -2.5354094 -1.6320238 -2.5354094 0 P 0
L -1.6536773 -2.5787165 -1.6320238 -2.5787165 0 P 0
L -1.6536773 -2.5787165 -1.6536773 -2.5354094 0 P 0
L -1.6673229 -3.4507875 -1.6673229 -3.429134 0 P 0
L -1.6673229 -3.4960631 -1.6673229 -3.4744096 0 P 0
L -1.6673229 -3.5413386 -1.6673229 -3.5196851 0 P 0
L -1.6742126 -2.9773621 -1.5167322 -2.9773621 0 P 0
L -1.6742126 -3.1742125 -1.5167322 -3.1742125 0 P 0
L -1.6742126 -3.1742125 -1.6742126 -2.9773621 0 P 0
L -1.6749999 -0.0383858 -1.4742125 -0.0383858 0 P 0
L -1.6749999 -0.4438976 -1.4742125 -0.4438976 0 P 0
L -1.6749999 -0.4438976 -1.6749999 -0.0383858 0 P 0
L -1.6772995 -2.5787166 -1.6772995 -2.5354095 0 P 0
L -1.6794712 0 -0.8415525 0 0 P 0
L -1.684055 -1.4074803 -1.684055 -1.3444882 0 P 0
L -1.698953 -2.5354095 -1.6772995 -2.5354095 0 P 0
L -1.698953 -2.5787166 -1.6772995 -2.5787166 0 P 0
L -1.698953 -2.5787166 -1.698953 -2.5354095 0 P 0
L -1.7047245 -1.4635826 -1.7047245 -1.4419291 0 P 0
L -1.71063 -3.429134 -1.6673229 -3.429134 0 P 0
L -1.71063 -3.4507875 -1.6673229 -3.4507875 0 P 0
L -1.71063 -3.4507875 -1.71063 -3.429134 0 P 0
L -1.71063 -3.4744096 -1.6673229 -3.4744096 0 P 0
L -1.71063 -3.4960631 -1.6673229 -3.4960631 0 P 0
L -1.71063 -3.4960631 -1.71063 -3.4744096 0 P 0
L -1.71063 -3.5196851 -1.6673229 -3.5196851 0 P 0
L -1.71063 -3.5413386 -1.6673229 -3.5413386 0 P 0
L -1.71063 -3.5413386 -1.71063 -3.5196851 0 P 0
L -1.715551 -1.3444882 -1.684055 -1.3444882 0 P 0
L -1.715551 -1.4074803 -1.684055 -1.4074803 0 P 0
L -1.715551 -1.4074803 -1.715551 -1.3444882 0 P 0
L -1.722575 -2.5787165 -1.722575 -2.5354094 0 P 0
L -1.7442285 -2.5354094 -1.722575 -2.5354094 0 P 0
L -1.7442285 -2.5787165 -1.722575 -2.5787165 0 P 0
L -1.7442285 -2.5787165 -1.7442285 -2.5354094 0 P 0
L -1.746063 -1.4419291 -1.7047245 -1.4419291 0 P 0
L -1.746063 -1.4635826 -1.7047245 -1.4635826 0 P 0
L -1.746063 -1.4635826 -1.746063 -1.4419291 0 P 0
L -1.7474015 0.0137796 -1.7237795 0.0374016 0 P 0
L -1.7474016 0.0374016 -1.7237795 0.0374016 0 P 0
L -1.7474016 -0.1879921 -1.7474016 0.0374016 0 P 0
L -1.8099607 -4.160433 -1.8099607 -4.1190945 0 P 0
L -1.8316142 -4.1190945 -1.8099607 -4.1190945 0 P 0
L -1.8316142 -4.160433 -1.8099607 -4.160433 0 P 0
L -1.8316142 -4.160433 -1.8316142 -4.1190945 0 P 0
L -1.8494095 -2.5324803 -1.8494095 -2.4911418 0 P 0
L -1.8664961 -0.3711812 -1.8664961 -0.253071 0 P 0
L -1.871063 -2.4911418 -1.8494095 -2.4911418 0 P 0
L -1.871063 -2.5324803 -1.8494095 -2.5324803 0 P 0
L -1.871063 -2.5324803 -1.871063 -2.4911418 0 P 0
L -1.878937 -1.4635827 -1.878937 -1.4419292 0 P 0
L -1.910433 -3.5344491 -1.910433 -3.5127956 0 P 0
L -1.910433 -3.5797246 -1.910433 -3.5580711 0 P 0
L -1.9202755 -1.4419292 -1.878937 -1.4419292 0 P 0
L -1.9202755 -1.4635827 -1.878937 -1.4635827 0 P 0
L -1.9202755 -1.4635827 -1.9202755 -1.4419292 0 P 0
L -1.9216142 -0.253071 -1.8664961 -0.253071 0 P 0
L -1.9216142 -0.3711812 -1.8664961 -0.3711812 0 P 0
L -1.9216142 -0.3711812 -1.9216142 -0.253071 0 P 0
L -1.948819 -0.5819396 -1.948819 -0.5386325 0 P 0
L -1.9488191 -0.5024611 -1.9488191 -0.459154 0 P 0
L -1.9537401 -3.5127956 -1.910433 -3.5127956 0 P 0
L -1.9537401 -3.5344491 -1.910433 -3.5344491 0 P 0
L -1.9537401 -3.5344491 -1.9537401 -3.5127956 0 P 0
L -1.9537401 -3.5580711 -1.910433 -3.5580711 0 P 0
L -1.9537401 -3.5797246 -1.910433 -3.5797246 0 P 0
L -1.9537401 -3.5797246 -1.9537401 -3.5580711 0 P 0
L -1.9704725 -0.5386325 -1.948819 -0.5386325 0 P 0
L -1.9704725 -0.5819396 -1.948819 -0.5819396 0 P 0
L -1.9704725 -0.5819396 -1.9704725 -0.5386325 0 P 0
L -1.9704726 -0.459154 -1.9488191 -0.459154 0 P 0
L -1.9704726 -0.5024611 -1.9488191 -0.5024611 0 P 0
L -1.9704726 -0.5024611 -1.9704726 -0.459154 0 P 0
L -1.984252 -0.5024611 -1.984252 -0.459154 0 P 0
L -1.9842521 -0.5819396 -1.9842521 -0.5386325 0 P 0
L -1.9872048 -2.5324803 -1.9872048 -2.4911418 0 P 0
L -1.9949605 -3.1742126 -1.9949605 -2.7726378 0 P 0
L -2.0039369 -1.3356747 -2.0039369 -1.2726826 0 P 0
L -2.004134 -5.0216537 -2.004134 -4.8877954 0 P 0
L -2.0049212 -0.2953938 -2.0049212 -0.2540552 0 P 0
L -2.0059055 -0.459154 -1.984252 -0.459154 0 P 0
L -2.0059055 -0.5024611 -1.984252 -0.5024611 0 P 0
L -2.0059055 -0.5024611 -2.0059055 -0.459154 0 P 0
L -2.0059056 -0.5386325 -1.9842521 -0.5386325 0 P 0
L -2.0059056 -0.5819396 -1.9842521 -0.5819396 0 P 0
L -2.0059056 -0.5819396 -2.0059056 -0.5386325 0 P 0
L -2.0088582 -1.4458661 -2.0088582 -1.4045276 0 P 0
L -2.0088583 -2.4911418 -1.9872048 -2.4911418 0 P 0
L -2.0088583 -2.5324803 -1.9872048 -2.5324803 0 P 0
L -2.0088583 -2.5324803 -2.0088583 -2.4911418 0 P 0
L -2.0244881 -3.1742126 -1.9949605 -3.1437008 0 P 0
L -2.0265748 -0.2540552 -2.0049212 -0.2540552 0 P 0
L -2.0265748 -0.2953938 -2.0049212 -0.2953938 0 P 0
L -2.0265748 -0.2953938 -2.0265748 -0.2540552 0 P 0
L -2.0305117 -1.4045276 -2.0088582 -1.4045276 0 P 0
L -2.0305117 -1.4458661 -2.0088582 -1.4458661 0 P 0
L -2.0305117 -1.4458661 -2.0305117 -1.4045276 0 P 0
L -2.0354329 -1.2726826 -2.0039369 -1.2726826 0 P 0
L -2.0354329 -1.3356747 -2.0039369 -1.3356747 0 P 0
L -2.0354329 -1.3356747 -2.0354329 -1.2726826 0 P 0
L -2.0374017 -0.4212601 -2.0374017 -0.3996065 0 P 0
L -2.0374017 -0.4574315 -2.0374017 -0.4357779 0 P 0
L -2.0374017 -0.5132879 -2.0374017 -0.4916343 0 P 0
L -2.0374017 -0.5494593 -2.0374017 -0.5278057 0 P 0
L -2.0374017 -0.6053149 -2.0374017 -0.5836613 0 P 0
L -2.0403544 -0.2963779 -2.0403544 -0.2530708 0 P 0
L -2.0481102 -3.0639764 -2.0481102 -3.0226378 0 P 0
L -2.0481102 -3.1407481 -2.0481102 -3.0994095 0 P 0
L -2.0541338 -1.4576772 -2.0541338 -1.4163386 0 P 0
L -2.0544882 -0.0137795 -1.7592126 -0.0137795 0 P 0
L -2.0620079 -0.2530708 -2.0403544 -0.2530708 0 P 0
L -2.0620079 -0.2963779 -2.0403544 -0.2963779 0 P 0
L -2.0620079 -0.2963779 -2.0620079 -0.2530708 0 P 0
L -2.0629921 -4.7492125 -2.0629921 -4.6271653 0 P 0
L -2.0662992 0.0374016 -1.7474016 0.0374016 0 P 0
L -2.0662992 -0.1879921 -1.7474016 -0.1879921 0 P 0
L -2.0662992 -0.1879921 -2.0662992 0.0374016 0 P 0
L -2.0697638 -3.0226378 -2.0481102 -3.0226378 0 P 0
L -2.0697638 -3.0639764 -2.0481102 -3.0639764 0 P 0
L -2.0697638 -3.0639764 -2.0697638 -3.0226378 0 P 0
L -2.0697638 -3.0994095 -2.0481102 -3.0994095 0 P 0
L -2.0697638 -3.1407481 -2.0481102 -3.1407481 0 P 0
L -2.0697638 -3.1407481 -2.0697638 -3.0994095 0 P 0
L -2.0699925 -1.3875225 -2.0699925 -1.365869 0 P 0
L -2.0757874 -1.4163386 -2.0541338 -1.4163386 0 P 0
L -2.0757874 -1.4576772 -2.0541338 -1.4576772 0 P 0
L -2.0757874 -1.4576772 -2.0757874 -1.4163386 0 P 0
L -2.0787403 -0.3996065 -2.0374017 -0.3996065 0 P 0
L -2.0787403 -0.4212601 -2.0374017 -0.4212601 0 P 0
L -2.0787403 -0.4212601 -2.0787403 -0.3996065 0 P 0
L -2.0787403 -0.4357779 -2.0374017 -0.4357779 0 P 0
L -2.0787403 -0.4574315 -2.0374017 -0.4574315 0 P 0
L -2.0787403 -0.4574315 -2.0787403 -0.4357779 0 P 0
L -2.0787403 -0.4916343 -2.0374017 -0.4916343 0 P 0
L -2.0787403 -0.5132879 -2.0374017 -0.5132879 0 P 0
L -2.0787403 -0.5132879 -2.0787403 -0.4916343 0 P 0
L -2.0787403 -0.5278057 -2.0374017 -0.5278057 0 P 0
L -2.0787403 -0.5494593 -2.0374017 -0.5494593 0 P 0
L -2.0787403 -0.5494593 -2.0787403 -0.5278057 0 P 0
L -2.0787403 -0.5836613 -2.0374017 -0.5836613 0 P 0
L -2.0787403 -0.6053149 -2.0374017 -0.6053149 0 P 0
L -2.0787403 -0.6053149 -2.0787403 -0.5836613 0 P 0
L -2.0807088 -4.8496063 -2.0807088 -4.7925197 0 P 0
L -2.0866141 -1.316929 -2.0866141 -1.2755905 0 P 0
L -2.0899213 0.0374016 -2.0662992 0.0374016 0 P 0
L -2.0899213 0.0374016 -2.0662993 0.0137796 0 P 0
L -2.0964566 -0.1801182 -2.0964566 -0.1368111 0 P 0
L -2.0964568 -0.2765749 -2.0964568 -0.2332678 0 P 0
L -2.097441 -0.7234252 -2.097441 -0.7017717 0 P 0
L -2.0984252 -0.9035433 -2.0984252 -0.8622047 0 P 0
L -2.1023622 -4.6005905 -2.1023622 -4.578937 0 P 0
L -2.1024607 -4.1614173 -2.1024607 -4.1181102 0 P 0
L -2.1036865 -0.0137795 -1.7100141 -0.0137795 0 P 0
L -2.1082676 -1.2755905 -2.0866141 -1.2755905 0 P 0
L -2.1082676 -1.316929 -2.0866141 -1.316929 0 P 0
L -2.1082676 -1.316929 -2.1082676 -1.2755905 0 P 0
L -2.1132996 -1.365869 -2.0699925 -1.365869 0 P 0
L -2.1132996 -1.3875225 -2.0699925 -1.3875225 0 P 0
L -2.1132996 -1.3875225 -2.1132996 -1.365869 0 P 0
L -2.1143702 -4.8877954 -2.004134 -4.8877954 0 P 0
L -2.1143702 -5.0216537 -2.004134 -5.0216537 0 P 0
L -2.1143702 -5.0216537 -2.1143702 -4.8877954 0 P 0
L -2.1181101 -0.1368111 -2.0964566 -0.1368111 0 P 0
L -2.1181101 -0.1801182 -2.0964566 -0.1801182 0 P 0
L -2.1181101 -0.1801182 -2.1181101 -0.1368111 0 P 0
L -2.1181103 -0.2332678 -2.0964568 -0.2332678 0 P 0
L -2.1181103 -0.2765749 -2.0964568 -0.2765749 0 P 0
L -2.1181103 -0.2765749 -2.1181103 -0.2332678 0 P 0
L -2.1190945 -3.4891733 -2.1190945 -3.4458662 0 P 0
L -2.1200788 -0.8622047 -2.0984252 -0.8622047 0 P 0
L -2.1200788 -0.9035433 -2.0984252 -0.9035433 0 P 0
L -2.1200788 -0.9035433 -2.1200788 -0.8622047 0 P 0
L -2.1241142 -4.1181102 -2.1024607 -4.1181102 0 P 0
L -2.1241142 -4.1614173 -2.1024607 -4.1614173 0 P 0
L -2.1241142 -4.1614173 -2.1241142 -4.1181102 0 P 0
L -2.1309054 -0.179134 -2.1309054 -0.1377954 0 P 0
L -2.1309054 -0.9055117 -2.1309054 -0.8622046 0 P 0
L -2.1309055 -0.2755906 -2.1309055 -0.234252 0 P 0
L -2.1309055 -1.3179133 -2.1309055 -1.2470472 0 P 0
L -2.1309056 -0.8100394 -2.1309056 -0.7667323 0 P 0
L -2.1340552 -5.0216536 -2.1340552 -4.8877953 0 P 0
L -2.1377953 -0.5984252 -2.1377953 -0.4409448 0 P 0
L -2.140748 -3.4458662 -2.1190945 -3.4458662 0 P 0
L -2.140748 -3.4891733 -2.1190945 -3.4891733 0 P 0
L -2.140748 -3.4891733 -2.140748 -3.4458662 0 P 0
L -2.1407481 -0.7017717 -2.097441 -0.7017717 0 P 0
L -2.1407481 -0.7234252 -2.097441 -0.7234252 0 P 0
L -2.1407481 -0.7234252 -2.1407481 -0.7017717 0 P 0
L -2.1437007 -4.578937 -2.1023622 -4.578937 0 P 0
L -2.1437007 -4.6005905 -2.1023622 -4.6005905 0 P 0
L -2.1437007 -4.6005905 -2.1437007 -4.578937 0 P 0
L -2.1525589 -0.8622046 -2.1309054 -0.8622046 0 P 0
L -2.1525589 -0.9055117 -2.1309054 -0.9055117 0 P 0
L -2.1525589 -0.9055117 -2.1525589 -0.8622046 0 P 0
L -2.152559 -0.1377954 -2.1309054 -0.1377954 0 P 0
L -2.152559 -0.179134 -2.1309054 -0.179134 0 P 0
L -2.152559 -0.179134 -2.152559 -0.1377954 0 P 0
L -2.1525591 -0.234252 -2.1309055 -0.234252 0 P 0
L -2.1525591 -0.2755906 -2.1309055 -0.2755906 0 P 0
L -2.1525591 -0.2755906 -2.1525591 -0.234252 0 P 0
L -2.1525591 -0.7667323 -2.1309056 -0.7667323 0 P 0
L -2.1525591 -0.8100394 -2.1309056 -0.8100394 0 P 0
L -2.1525591 -0.8100394 -2.1525591 -0.7667323 0 P 0
L -2.1653542 -1.5748032 -1.3779527 -1.5748032 0 P 0
L -2.1653542 -2.3622047 -1.3779527 -2.3622047 0 P 0
L -2.1653542 -2.3622047 -2.1653542 -1.5748032 0 P 0
L -2.1663385 -1.2470472 -2.1309055 -1.2470472 0 P 0
L -2.1663385 -1.3179133 -2.1309055 -1.3179133 0 P 0
L -2.1663385 -1.3179133 -2.1663385 -1.2470472 0 P 0
L -2.1673229 -3.5669291 -2.1673229 -3.4488188 0 P 0
L -2.167323 -4.7925197 -2.0807088 -4.7925197 0 P 0
L -2.167323 -4.8496063 -2.0807088 -4.8496063 0 P 0
L -2.167323 -4.8496063 -2.167323 -4.7925197 0 P 0
L -2.1693898 -4.1614173 -2.1693898 -4.1181102 0 P 0
L -2.1702756 -3.371063 -2.1702756 -3.3494095 0 P 0
L -2.176063 -2.7962599 -2.176063 -2.7549213 0 P 0
L -2.176063 -3.0127953 -2.176063 -2.9714567 0 P 0
L -2.176063 -3.089567 -2.176063 -3.0482284 0 P 0
L -2.176063 -3.1663387 -2.176063 -3.1250001 0 P 0
L -2.1850393 -4.6271653 -2.0629921 -4.6271653 0 P 0
L -2.1850393 -4.7492125 -2.0629921 -4.7492125 0 P 0
L -2.1850393 -4.7492125 -2.1850393 -4.6271653 0 P 0
L -2.1860237 -1.5167322 -2.1860237 -1.4950787 0 P 0
L -2.1910433 -4.1181102 -2.1693898 -4.1181102 0 P 0
L -2.1910433 -4.1614173 -2.1693898 -4.1614173 0 P 0
L -2.1910433 -4.1614173 -2.1910433 -4.1181102 0 P 0
L -2.1958661 -1.3651575 -2.1958661 -1.2391733 0 P 0
L -2.1977166 -2.7549213 -2.176063 -2.7549213 0 P 0
L -2.1977166 -2.7962599 -2.176063 -2.7962599 0 P 0
L -2.1977166 -2.7962599 -2.1977166 -2.7549213 0 P 0
L -2.1977166 -2.9714567 -2.176063 -2.9714567 0 P 0
L -2.1977166 -3.0127953 -2.176063 -3.0127953 0 P 0
L -2.1977166 -3.0127953 -2.1977166 -2.9714567 0 P 0
L -2.1977166 -3.0482284 -2.176063 -3.0482284 0 P 0
L -2.1977166 -3.089567 -2.176063 -3.089567 0 P 0
L -2.1977166 -3.089567 -2.1977166 -3.0482284 0 P 0
L -2.1977166 -3.1250001 -2.176063 -3.1250001 0 P 0
L -2.1977166 -3.1663387 -2.176063 -3.1663387 0 P 0
L -2.1977166 -3.1663387 -2.1977166 -3.1250001 0 P 0
L -2.1998032 -4.6005904 -2.1998032 -4.5789369 0 P 0
L -2.2037401 -4.7383857 -2.2037401 -4.6970472 0 P 0
L -2.2105117 -3.2214567 -2.2105117 -3.1801181 0 P 0
L -2.2116141 -3.3494095 -2.1702756 -3.3494095 0 P 0
L -2.2116141 -3.371063 -2.1702756 -3.371063 0 P 0
L -2.2116141 -3.371063 -2.2116141 -3.3494095 0 P 0
L -2.2135828 -3.6998031 -2.2135828 -3.656496 0 P 0
L -2.2253936 -4.6970472 -2.2037401 -4.6970472 0 P 0
L -2.2253936 -4.7383857 -2.2037401 -4.7383857 0 P 0
L -2.2253936 -4.7383857 -2.2253936 -4.6970472 0 P 0
L -2.2273622 -1.4950787 -2.1860237 -1.4950787 0 P 0
L -2.2273622 -1.5167322 -2.1860237 -1.5167322 0 P 0
L -2.2273622 -1.5167322 -2.2273622 -1.4950787 0 P 0
L -2.2321653 -3.1801181 -2.2105117 -3.1801181 0 P 0
L -2.2321653 -3.2214567 -2.2105117 -3.2214567 0 P 0
L -2.2321653 -3.2214567 -2.2321653 -3.1801181 0 P 0
L -2.2352363 -3.656496 -2.2135828 -3.656496 0 P 0
L -2.2352363 -3.6998031 -2.2135828 -3.6998031 0 P 0
L -2.2352363 -3.6998031 -2.2352363 -3.656496 0 P 0
L -2.2411417 -4.5789369 -2.1998032 -4.5789369 0 P 0
L -2.2411417 -4.6005904 -2.1998032 -4.6005904 0 P 0
L -2.2411417 -4.6005904 -2.2411417 -4.5789369 0 P 0
L -2.2411418 -0.5334645 -2.2411418 -0.1082677 3 P 0
L -2.2439763 -3.2214567 -2.2439763 -3.1801181 0 P 0
L -2.2442914 -4.8877953 -2.1340552 -4.8877953 0 P 0
L -2.2442914 -5.0216536 -2.1340552 -5.0216536 0 P 0
L -2.2442914 -5.0216536 -2.2442914 -4.8877953 0 P 0
L -2.24813 -4.1614173 -2.24813 -4.1181102 0 P 0
L -2.2508661 -2.7726378 -1.9949605 -2.7726378 0 P 0
L -2.2508661 -3.1742126 -1.9949605 -3.1742126 0 P 0
L -2.2508661 -3.1742126 -2.2508661 -2.7726378 0 P 0
L -2.2608268 -0.1259843 -2.2608268 -0.0826772 0 P 0
L -2.2656299 -3.1801181 -2.2439763 -3.1801181 0 P 0
L -2.2656299 -3.2214567 -2.2439763 -3.2214567 0 P 0
L -2.2656299 -3.2214567 -2.2656299 -3.1801181 0 P 0
L -2.2677166 -3.3700788 -2.2677166 -3.3484253 0 P 0
L -2.2697835 -4.1181102 -2.24813 -4.1181102 0 P 0
L -2.2697835 -4.1614173 -2.24813 -4.1614173 0 P 0
L -2.2697835 -4.1614173 -2.2697835 -4.1181102 0 P 0
L -2.2725197 -2.8956694 -2.2725197 -2.8523623 0 P 0
L -2.2824803 -0.0826772 -2.2608268 -0.0826772 0 P 0
L -2.2824803 -0.1259843 -2.2608268 -0.1259843 0 P 0
L -2.2824803 -0.1259843 -2.2824803 -0.0826772 0 P 0
L -2.2824804 -1.8425196 -2.2824804 -1.8110236 0 P 0
L -2.2854331 -3.4488188 -2.1673229 -3.4488188 0 P 0
L -2.2854331 -3.5669291 -2.1673229 -3.5669291 0 P 0
L -2.2854331 -3.5669291 -2.2854331 -3.4488188 0 P 0
L -2.2923229 -0.316929 -2.2923229 -0.1437006 0 P 0
L -2.2923229 -0.8966534 -2.2923229 -0.723425 0 P 0
L -2.2941732 -2.8523623 -2.2725197 -2.8523623 0 P 0
L -2.2941732 -2.8956694 -2.2725197 -2.8956694 0 P 0
L -2.2941732 -2.8956694 -2.2941732 -2.8523623 0 P 0
L -2.2942914 -1.672244 -2.2942914 -1.6505905 0 P 0
L -2.2942914 -1.7155511 -2.2942914 -1.6938976 0 P 0
L -2.2942914 -1.7923227 -2.2942914 -1.7706692 0 P 0
L -2.2942914 -2.1624015 -2.2942914 -2.140748 0 P 0
L -2.2942914 -2.2057086 -2.2942914 -2.1840551 0 P 0
L -2.2942914 -2.2647637 -2.2942914 -2.2431102 0 P 0
L -2.2952756 -2.4458661 -2.2952756 -2.375 0 P 0
L -2.2952757 -0.4409448 -2.1377953 -0.4409448 0 P 0
L -2.2952757 -0.5984252 -2.1377953 -0.5984252 0 P 0
L -2.2952757 -0.5984252 -2.2952757 -0.4409448 0 P 0
L -2.3110237 -3.3484253 -2.2677166 -3.3484253 0 P 0
L -2.3110237 -3.3700788 -2.2677166 -3.3700788 0 P 0
L -2.3110237 -3.3700788 -2.3110237 -3.3484253 0 P 0
L -2.3110237 -3.6988189 -2.3110237 -3.6574804 0 P 0
L -2.3129922 -2.3366141 -2.3129922 -2.3149606 0 P 0
L -2.3149605 -0.1259842 -2.3149605 -0.0826771 0 P 0
L -2.315945 -1.418307 -2.315945 -1.3966535 0 P 0
L -2.3169291 -3.305118 -2.3169291 -3.2834645 0 P 0
L -2.319882 -3.6102362 -2.319882 -3.4133858 0 P 0
L -2.3248032 -1.6112204 -2.3248032 -1.5482283 0 P 0
L -2.3307086 -2.375 -2.2952756 -2.375 0 P 0
L -2.3307086 -2.4458661 -2.2952756 -2.4458661 0 P 0
L -2.3307086 -2.4458661 -2.3307086 -2.375 0 P 0
L -2.3326772 -3.6574804 -2.3110237 -3.6574804 0 P 0
L -2.3326772 -3.6988189 -2.3110237 -3.6988189 0 P 0
L -2.3326772 -3.6988189 -2.3326772 -3.6574804 0 P 0
L -2.3356299 -1.6505905 -2.2942914 -1.6505905 0 P 0
L -2.3356299 -1.672244 -2.2942914 -1.672244 0 P 0
L -2.3356299 -1.672244 -2.3356299 -1.6505905 0 P 0
L -2.3356299 -1.6938976 -2.2942914 -1.6938976 0 P 0
L -2.3356299 -1.7155511 -2.2942914 -1.7155511 0 P 0
L -2.3356299 -1.7155511 -2.3356299 -1.6938976 0 P 0
L -2.3356299 -1.7706692 -2.2942914 -1.7706692 0 P 0
L -2.3356299 -1.7923227 -2.2942914 -1.7923227 0 P 0
L -2.3356299 -1.7923227 -2.3356299 -1.7706692 0 P 0
L -2.3356299 -2.140748 -2.2942914 -2.140748 0 P 0
L -2.3356299 -2.1624015 -2.2942914 -2.1624015 0 P 0
L -2.3356299 -2.1624015 -2.3356299 -2.140748 0 P 0
L -2.3356299 -2.1840551 -2.2942914 -2.1840551 0 P 0
L -2.3356299 -2.2057086 -2.2942914 -2.2057086 0 P 0
L -2.3356299 -2.2057086 -2.3356299 -2.1840551 0 P 0
L -2.3356299 -2.2431102 -2.2942914 -2.2431102 0 P 0
L -2.3356299 -2.2647637 -2.2942914 -2.2647637 0 P 0
L -2.3356299 -2.2647637 -2.3356299 -2.2431102 0 P 0
L -2.336614 -0.0826771 -2.3149605 -0.0826771 0 P 0
L -2.336614 -0.1259842 -2.3149605 -0.1259842 0 P 0
L -2.336614 -0.1259842 -2.336614 -0.0826771 0 P 0
L -2.3395669 -5.0098426 -2.3395669 -4.9665355 0 P 0
L -2.3454725 -1.8110236 -2.2824804 -1.8110236 0 P 0
L -2.3454725 -1.8425196 -2.2824804 -1.8425196 0 P 0
L -2.3454725 -1.8425196 -2.3454725 -1.8110236 0 P 0
L -2.3543307 -2.3149606 -2.3129922 -2.3149606 0 P 0
L -2.3543307 -2.3366141 -2.3129922 -2.3366141 0 P 0
L -2.3543307 -2.3366141 -2.3543307 -2.3149606 0 P 0
L -2.3572835 -1.3966535 -2.315945 -1.3966535 0 P 0
L -2.3572835 -1.418307 -2.315945 -1.418307 0 P 0
L -2.3572835 -1.418307 -2.3572835 -1.3966535 0 P 0
L -2.3602362 -3.2834645 -2.3169291 -3.2834645 0 P 0
L -2.3602362 -3.305118 -2.3169291 -3.305118 0 P 0
L -2.3602362 -3.305118 -2.3602362 -3.2834645 0 P 0
L -2.3612204 -4.9665355 -2.3395669 -4.9665355 0 P 0
L -2.3612204 -5.0098426 -2.3395669 -5.0098426 0 P 0
L -2.3612204 -5.0098426 -2.3612204 -4.9665355 0 P 0
L -2.3690944 -2.406496 -2.3690944 -2.3592518 0 P 0
L -2.3730315 -0.5383858 -2.3730315 -0.4970472 0 P 0
L -2.3809054 -2.6781495 -2.3809054 -2.4379921 0 P 0
L -2.3927165 -1.2391733 -2.1958661 -1.2391733 0 P 0
L -2.3927165 -1.3651575 -2.1958661 -1.3651575 0 P 0
L -2.3927165 -1.3651575 -2.3927165 -1.2391733 0 P 0
L -2.3946851 -0.4970472 -2.3730315 -0.4970472 0 P 0
L -2.3946851 -0.5383858 -2.3730315 -0.5383858 0 P 0
L -2.3946851 -0.5383858 -2.3946851 -0.4970472 0 P 0
L -2.3956693 -3.3818898 -2.3956693 -3.3602363 0 P 0
L -2.3966534 -2.4379921 -2.3966534 -2.434055 0 P 0
L -2.4291339 -2.3366141 -2.4291339 -2.3149606 0 P 0
L -2.4370078 -3.3602363 -2.3956693 -3.3602363 0 P 0
L -2.4370078 -3.3818898 -2.3956693 -3.3818898 0 P 0
L -2.4370078 -3.3818898 -2.4370078 -3.3602363 0 P 0
L -2.4438976 -2.4379921 -2.4438976 -2.434055 0 P 0
L -2.4458662 -3.4133858 -2.319882 -3.4133858 0 P 0
L -2.4458662 -3.6102362 -2.319882 -3.6102362 0 P 0
L -2.4458662 -3.6102362 -2.4458662 -3.4133858 0 P 0
L -2.4507874 -1.5482283 -2.3248032 -1.5482283 0 P 0
L -2.4507874 -1.6112204 -2.3248032 -1.6112204 0 P 0
L -2.4507874 -1.6112204 -2.4507874 -1.5482283 0 P 0
L -2.4521653 -0.5738188 -2.4521653 -0.4537401 0 P 0
L -2.4596456 -2.4379921 -2.3809054 -2.4379921 0 P 0
L -2.4596456 -2.4734251 -2.3809054 -2.4734251 0 P 0
L -2.4596456 -2.6781495 -2.3809054 -2.6781495 0 P 0
L -2.4596456 -2.6781495 -2.4596456 -2.4379921 0 P 0
L -2.4655513 -0.1437006 -2.2923229 -0.1437006 0 P 0
L -2.4655513 -0.316929 -2.2923229 -0.316929 0 P 0
L -2.4655513 -0.316929 -2.4655513 -0.1437006 0 P 0
L -2.4655513 -0.723425 -2.2923229 -0.723425 0 P 0
L -2.4655513 -0.8966534 -2.2923229 -0.8966534 0 P 0
L -2.4655513 -0.8966534 -2.4655513 -0.723425 0 P 0
L -2.4704724 -2.3149606 -2.4291339 -2.3149606 0 P 0
L -2.4704724 -2.3366141 -2.4291339 -2.3366141 0 P 0
L -2.4704724 -2.3366141 -2.4704724 -2.3149606 0 P 0
L -2.4714566 -2.406496 -2.4714566 -2.3592518 0 P 0
L -2.510433 -0.4537401 -2.4521653 -0.4537401 0 P 0
L -2.510433 -0.5738188 -2.4521653 -0.5738188 0 P 0
L -2.510433 -0.5738188 -2.510433 -0.4537401 0 P 0
L -2.5112205 -0.3863184 -2.5112205 -0.2662397 0 P 0
L -2.5167323 -4.7647638 -2.5167323 -4.7076771 0 P 0
L -2.5167323 -5.0009842 -2.5167323 -4.9517716 0 P 0
L -2.5167323 -5.1879921 -2.5167323 -5.1387795 0 P 0
L -2.5364173 -4.7647638 -2.5167323 -4.7647638 0 P 0
L -2.5364173 -4.9517716 -2.5167323 -4.9517716 0 P 0
L -2.5364173 -4.9517716 -2.5364173 -4.7647638 0 P 0
L -2.5364173 -5.0009842 -2.5167323 -5.0009842 0 P 0
L -2.5364173 -5.1387795 -2.5167323 -5.1387795 0 P 0
L -2.5364173 -5.1387795 -2.5364173 -5.0009842 0 P 0
L -2.5383858 -0.8307087 -2.5383858 -0.7440945 0 P 0
L -2.5403534 -2.201535 -2.5403534 -2.1798815 0 P 0
L -2.5403534 -2.7025193 -2.5403534 -2.6808658 0 P 0
L -2.5403534 -2.8019287 -2.5403534 -2.7802752 0 P 0
L -2.5403534 -2.9023224 -2.5403534 -2.8806689 0 P 0
L -2.5403534 -3.1021256 -2.5403534 -3.0804721 0 P 0
L -2.5403534 -3.2025193 -2.5403534 -3.1808658 0 P 0
L -2.5403534 -3.3019287 -2.5403534 -3.2802752 0 P 0
L -2.5403534 -3.4013382 -2.5403534 -3.3796847 0 P 0
L -2.5492125 -0.4330709 -2.5492125 -0.4114174 0 P 0
L -2.5561024 -5.2942913 -2.5561024 -5.1879921 0 P 0
L -2.5600395 -4.5826772 -2.5600395 -4.5610237 0 P 0
L -2.5610237 -0.2352362 -2.5610237 -0.117126 0 P 0
L -2.5610237 -4.636811 -2.5610237 -4.6151575 0 P 0
L -2.5694882 -0.2662397 -2.5112205 -0.2662397 0 P 0
L -2.5694882 -0.3863184 -2.5112205 -0.3863184 0 P 0
L -2.5694882 -0.3863184 -2.5694882 -0.2662397 0 P 0
L -2.5708658 -1.0364174 -2.5708658 -0.863189 0 P 0
L -2.5836605 -2.1798815 -2.5403534 -2.1798815 0 P 0
L -2.5836605 -2.201535 -2.5403534 -2.201535 0 P 0
L -2.5836605 -2.201535 -2.5836605 -2.1798815 0 P 0
L -2.5836605 -2.6808658 -2.5403534 -2.6808658 0 P 0
L -2.5836605 -2.7025193 -2.5403534 -2.7025193 0 P 0
L -2.5836605 -2.7025193 -2.5836605 -2.6808658 0 P 0
L -2.5836605 -2.7802752 -2.5403534 -2.7802752 0 P 0
L -2.5836605 -2.8019287 -2.5403534 -2.8019287 0 P 0
L -2.5836605 -2.8019287 -2.5836605 -2.7802752 0 P 0
L -2.5836605 -2.8806689 -2.5403534 -2.8806689 0 P 0
L -2.5836605 -2.9023224 -2.5403534 -2.9023224 0 P 0
L -2.5836605 -2.9023224 -2.5836605 -2.8806689 0 P 0
L -2.5836605 -3.0804721 -2.5403534 -3.0804721 0 P 0
L -2.5836605 -3.1021256 -2.5403534 -3.1021256 0 P 0
L -2.5836605 -3.1021256 -2.5836605 -3.0804721 0 P 0
L -2.5836605 -3.1808658 -2.5403534 -3.1808658 0 P 0
L -2.5836605 -3.2025193 -2.5403534 -3.2025193 0 P 0
L -2.5836605 -3.2025193 -2.5836605 -3.1808658 0 P 0
L -2.5836605 -3.2802752 -2.5403534 -3.2802752 0 P 0
L -2.5836605 -3.3019287 -2.5403534 -3.3019287 0 P 0
L -2.5836605 -3.3019287 -2.5836605 -3.2802752 0 P 0
L -2.5836605 -3.3796847 -2.5403534 -3.3796847 0 P 0
L -2.5836605 -3.4013382 -2.5403534 -3.4013382 0 P 0
L -2.5836605 -3.4013382 -2.5836605 -3.3796847 0 P 0
L -2.5895669 -0.5413386 -2.5895669 -0.5196851 0 P 0
L -2.589567 -0.4950787 -2.589567 -0.4734252 0 P 0
L -2.5905512 -0.0807086 -2.5905512 -0.0590551 0 P 0
L -2.5925196 -0.4114174 -2.5492125 -0.4114174 0 P 0
L -2.5925196 -0.4330709 -2.5492125 -0.4330709 0 P 0
L -2.5925196 -0.4330709 -2.5925196 -0.4114174 0 P 0
L -2.5954724 -0.7440945 -2.5383858 -0.7440945 0 P 0
L -2.5954724 -0.8307087 -2.5383858 -0.8307087 0 P 0
L -2.5954724 -0.8307087 -2.5954724 -0.7440945 0 P 0
L -2.6023622 -4.6151575 -2.5610237 -4.6151575 0 P 0
L -2.6023622 -4.636811 -2.5610237 -4.636811 0 P 0
L -2.6023622 -4.636811 -2.6023622 -4.6151575 0 P 0
L -2.6033466 -4.5610237 -2.5600395 -4.5610237 0 P 0
L -2.6033466 -4.5826772 -2.5600395 -4.5826772 0 P 0
L -2.6033466 -4.5826772 -2.6033466 -4.5610237 0 P 0
L -2.605315 -4.105315 -2.605315 -4.0836615 0 P 0
L -2.605315 -4.1505906 -2.605315 -4.1289371 0 P 0
L -2.605315 -4.1958662 -2.605315 -4.1742127 0 P 0
L -2.605315 -4.2411418 -2.605315 -4.2194883 0 P 0
L -2.605315 -4.2864174 -2.605315 -4.2647639 0 P 0
L -2.605315 -4.331693 -2.605315 -4.3100395 0 P 0
L -2.6161418 -0.117126 -2.5610237 -0.117126 0 P 0
L -2.6161418 -0.2352362 -2.5610237 -0.2352362 0 P 0
L -2.6161418 -0.2352362 -2.6161418 -0.117126 0 P 0
L -2.6181102 -0.6702756 -2.6181102 -0.613189 0 P 0
L -2.6328739 -0.3267717 -2.6328739 -0.2834646 0 P 0
L -2.632874 -0.4271653 -2.632874 -0.3838582 0 P 0
L -2.632874 -0.5196851 -2.5895669 -0.5196851 0 P 0
L -2.632874 -0.5413386 -2.5895669 -0.5413386 0 P 0
L -2.632874 -0.5413386 -2.632874 -0.5196851 0 P 0
L -2.6328741 -0.4734252 -2.589567 -0.4734252 0 P 0
L -2.6328741 -0.4950787 -2.589567 -0.4950787 0 P 0
L -2.6328741 -0.4950787 -2.6328741 -0.4734252 0 P 0
L -2.6338583 -0.0590551 -2.5905512 -0.0590551 0 P 0
L -2.6338583 -0.0807086 -2.5905512 -0.0807086 0 P 0
L -2.6338583 -0.0807086 -2.6338583 -0.0590551 0 P 0
L -2.6348426 -4.4212599 -2.6348426 -4.3996064 0 P 0
L -2.6486221 -4.0836615 -2.605315 -4.0836615 0 P 0
L -2.6486221 -4.105315 -2.605315 -4.105315 0 P 0
L -2.6486221 -4.105315 -2.6486221 -4.0836615 0 P 0
L -2.6486221 -4.1289371 -2.605315 -4.1289371 0 P 0
L -2.6486221 -4.1505906 -2.605315 -4.1505906 0 P 0
L -2.6486221 -4.1505906 -2.6486221 -4.1289371 0 P 0
L -2.6486221 -4.1742127 -2.605315 -4.1742127 0 P 0
L -2.6486221 -4.1958662 -2.605315 -4.1958662 0 P 0
L -2.6486221 -4.1958662 -2.6486221 -4.1742127 0 P 0
L -2.6486221 -4.2194883 -2.605315 -4.2194883 0 P 0
L -2.6486221 -4.2411418 -2.605315 -4.2411418 0 P 0
L -2.6486221 -4.2411418 -2.6486221 -4.2194883 0 P 0
L -2.6486221 -4.2647639 -2.605315 -4.2647639 0 P 0
L -2.6486221 -4.2864174 -2.605315 -4.2864174 0 P 0
L -2.6486221 -4.2864174 -2.6486221 -4.2647639 0 P 0
L -2.6486221 -4.3100395 -2.605315 -4.3100395 0 P 0
L -2.6486221 -4.331693 -2.605315 -4.331693 0 P 0
L -2.6486221 -4.331693 -2.6486221 -4.3100395 0 P 0
L -2.6545274 -0.2834646 -2.6328739 -0.2834646 0 P 0
L -2.6545274 -0.3267717 -2.6328739 -0.3267717 0 P 0
L -2.6545274 -0.3267717 -2.6545274 -0.2834646 0 P 0
L -2.6545275 -0.3838582 -2.632874 -0.3838582 0 P 0
L -2.6545275 -0.4271653 -2.632874 -0.4271653 0 P 0
L -2.6545275 -0.4271653 -2.6545275 -0.3838582 0 P 0
L -2.6624016 -4.5216535 -2.6624016 -4.4783464 0 P 0
L -2.6624017 -4.6200787 -2.6624017 -4.5767716 0 P 0
L -2.6663386 -0.1082677 -2.2411418 -0.1082677 3 P 0
L -2.6663386 -0.5334645 -2.2411418 -0.5334645 3 P 0
L -2.6663386 -0.5334645 -2.6663386 -0.1082677 3 P 0
L -2.6712596 -0.8366142 -2.6712596 -0.7125985 0 P 0
L -2.6781497 -4.3996064 -2.6348426 -4.3996064 0 P 0
L -2.6781497 -4.4212599 -2.6348426 -4.4212599 0 P 0
L -2.6781497 -4.4212599 -2.6781497 -4.3996064 0 P 0
L -2.6811024 -0.1624016 -2.6811024 -0.1190945 0 P 0
L -2.6840551 -4.4783464 -2.6624016 -4.4783464 0 P 0
L -2.6840551 -4.5216535 -2.6624016 -4.5216535 0 P 0
L -2.6840551 -4.5216535 -2.6840551 -4.4783464 0 P 0
L -2.6840552 -4.5767716 -2.6624017 -4.5767716 0 P 0
L -2.6840552 -4.6200787 -2.6624017 -4.6200787 0 P 0
L -2.6840552 -4.6200787 -2.6840552 -4.5767716 0 P 0
L -2.6937054 -0.4708662 -2.6937054 -0.4051181 0 P 0
L -2.7027559 -0.1190945 -2.6811024 -0.1190945 0 P 0
L -2.7027559 -0.1624016 -2.6811024 -0.1624016 0 P 0
L -2.7027559 -0.1624016 -2.7027559 -0.1190945 0 P 0
L -2.7047244 -0.613189 -2.6181102 -0.613189 0 P 0
L -2.7047244 -0.6702756 -2.6181102 -0.6702756 0 P 0
L -2.7047244 -0.6702756 -2.7047244 -0.613189 0 P 0
L -2.714567 -4.5216535 -2.714567 -4.4783464 0 P 0
L -2.714567 -4.6200787 -2.714567 -4.5767716 0 P 0
L -2.7188977 -0.343504 -2.7188977 -0.2234253 0 P 0
L -2.7342521 -4.2578739 -2.7342521 -4.2362204 0 P 0
L -2.7362205 -4.4783464 -2.714567 -4.4783464 0 P 0
L -2.7362205 -4.5216535 -2.714567 -4.5216535 0 P 0
L -2.7362205 -4.5216535 -2.7362205 -4.4783464 0 P 0
L -2.7362205 -4.5767716 -2.714567 -4.5767716 0 P 0
L -2.7362205 -4.6200787 -2.714567 -4.6200787 0 P 0
L -2.7362205 -4.6200787 -2.7362205 -4.5767716 0 P 0
L -2.7440942 -0.863189 -2.5708658 -0.863189 0 P 0
L -2.7440942 -1.0364174 -2.5708658 -1.0364174 0 P 0
L -2.7440942 -1.0364174 -2.7440942 -0.863189 0 P 0
L -2.753937 -0.5708662 -2.753937 0 1 P 0
L -2.7568898 -4.4153543 -2.7568898 -4.3720472 0 P 0
L -2.7598426 -0.1948818 -2.7598426 -0.1732283 0 P 0
L -2.7736221 -4.0275591 -2.7736221 -4.0059056 0 P 0
L -2.7755906 -4.2362204 -2.7342521 -4.2362204 0 P 0
L -2.7755906 -4.2578739 -2.7342521 -4.2578739 0 P 0
L -2.7755906 -4.2578739 -2.7755906 -4.2362204 0 P 0
L -2.7771654 -0.2234253 -2.7188977 -0.2234253 0 P 0
L -2.7771654 -0.343504 -2.7188977 -0.343504 0 P 0
L -2.7771654 -0.343504 -2.7771654 -0.2234253 0 P 0
L -2.7785433 -4.3720472 -2.7568898 -4.3720472 0 P 0
L -2.7785433 -4.4153543 -2.7568898 -4.4153543 0 P 0
L -2.7785433 -4.4153543 -2.7785433 -4.3720472 0 P 0
L -2.7923228 -5.2942913 -2.5561024 -5.2942913 0 P 0
L -2.7923228 -5.2942913 -2.7923228 -5.1879921 0 P 0
L -2.7952753 -0.7125985 -2.6712596 -0.7125985 0 P 0
L -2.7952753 -0.8366142 -2.6712596 -0.8366142 0 P 0
L -2.7952753 -0.8366142 -2.7952753 -0.7125985 0 P 0
L -2.7952755 -4.5826771 -2.7952755 -4.5610236 0 P 0
L -2.7962595 -0.9537401 -2.7962595 -0.910433 0 P 0
L -2.7962599 -4.6368109 -2.7962599 -4.6151574 0 P 0
L -2.8031497 -0.1732283 -2.7598426 -0.1732283 0 P 0
L -2.8031497 -0.1948818 -2.7598426 -0.1948818 0 P 0
L -2.8031497 -0.1948818 -2.8031497 -0.1732283 0 P 0
L -2.8118156 -0.4051181 -2.6937054 -0.4051181 0 P 0
L -2.8118156 -0.4708662 -2.6937054 -0.4708662 0 P 0
L -2.8118156 -0.4708662 -2.8118156 -0.4051181 0 P 0
L -2.8120079 -4.9517716 -2.8120079 -4.7647638 0 P 0
L -2.8120079 -5.1387795 -2.8120079 -5.0009842 0 P 0
L -2.8169292 -4.0059056 -2.7736221 -4.0059056 0 P 0
L -2.8169292 -4.0275591 -2.7736221 -4.0275591 0 P 0
L -2.8169292 -4.0275591 -2.8169292 -4.0059056 0 P 0
L -2.817913 -0.910433 -2.7962595 -0.910433 0 P 0
L -2.817913 -0.9537401 -2.7962595 -0.9537401 0 P 0
L -2.817913 -0.9537401 -2.817913 -0.910433 0 P 0
L -2.8287398 -0.7598426 -2.8287398 -0.7185041 0 P 0
L -2.8316929 -4.7076771 -2.5167323 -4.7076771 0 P 0
L -2.8316929 -4.7647638 -2.8120079 -4.7647638 0 P 0
L -2.8316929 -4.7647638 -2.8316929 -4.7076771 0 P 0
L -2.8316929 -4.9517716 -2.8120079 -4.9517716 0 P 0
L -2.8316929 -5.0009842 -2.8120079 -5.0009842 0 P 0
L -2.8316929 -5.0009842 -2.8316929 -4.9517716 0 P 0
L -2.8316929 -5.1387795 -2.8120079 -5.1387795 0 P 0
L -2.8316929 -5.1879921 -2.5167323 -5.1879921 0 P 0
L -2.8316929 -5.1879921 -2.8316929 -5.1387795 0 P 0
L -2.8326773 -4.2578741 -2.8326773 -4.2362206 0 P 0
L -2.8336632 -4.493109 -2.8336632 -4.4458642 2 P 0
L -2.8375984 -4.6151574 -2.7962599 -4.6151574 0 P 0
L -2.8375984 -4.6368109 -2.7962599 -4.6368109 0 P 0
L -2.8375984 -4.6368109 -2.8375984 -4.6151574 0 P 0
L -2.8385826 -4.5610236 -2.7952755 -4.5610236 0 P 0
L -2.8385826 -4.5826771 -2.7952755 -4.5826771 0 P 0
L -2.8385826 -4.5826771 -2.8385826 -4.5610236 0 P 0
L -2.8503933 -0.7185041 -2.8287398 -0.7185041 0 P 0
L -2.8503933 -0.7598426 -2.8287398 -0.7598426 0 P 0
L -2.8503933 -0.7598426 -2.8503933 -0.7185041 0 P 0
L -2.8540795 -2.2410959 -2.8540795 -0.7410959 3 P 0
L -2.8710631 -0.6974409 -2.8710631 -0.6391732 0 P 0
L -2.8730315 -4.3759843 -2.8730315 -4.3543308 0 P 0
L -2.8730315 -4.4192914 -2.8730315 -4.3976379 0 P 0
L -2.8759844 -4.2362206 -2.8326773 -4.2362206 0 P 0
L -2.8759844 -4.2578741 -2.8326773 -4.2578741 0 P 0
L -2.8759844 -4.2578741 -2.8759844 -4.2362206 0 P 0
L -2.9104331 -4.636811 -2.9104331 -4.5935039 0 P 0
L -2.9124024 -4.4458642 -2.8336632 -4.4458642 2 P 0
L -2.9124024 -4.493109 -2.8336632 -4.493109 2 P 0
L -2.9124024 -4.493109 -2.9124024 -4.4458642 2 P 0
L -2.91437 -4.3543308 -2.8730315 -4.3543308 0 P 0
L -2.91437 -4.3759843 -2.8730315 -4.3759843 0 P 0
L -2.91437 -4.3759843 -2.91437 -4.3543308 0 P 0
L -2.91437 -4.3976379 -2.8730315 -4.3976379 0 P 0
L -2.91437 -4.4192914 -2.8730315 -4.4192914 0 P 0
L -2.91437 -4.4192914 -2.91437 -4.3976379 0 P 0
L -2.9233664 -3.7253609 -2.9233664 -2.8863625 3 P 0
L -2.9261811 -4.3208662 -2.9261811 -4.1574803 0 P 0
L -2.9320866 -4.5935039 -2.9104331 -4.5935039 0 P 0
L -2.9320866 -4.636811 -2.9104331 -4.636811 0 P 0
L -2.9320866 -4.636811 -2.9320866 -4.5935039 0 P 0
L -2.9517716 -4.0869095 -2.9517716 -4.045571 0 P 0
L -2.9734251 -4.045571 -2.9517716 -4.045571 0 P 0
L -2.9734251 -4.0869095 -2.9517716 -4.0869095 0 P 0
L -2.9734251 -4.0869095 -2.9734251 -4.045571 0 P 0
L -2.9911418 -0.6391732 -2.8710631 -0.6391732 0 P 0
L -2.9911418 -0.6974409 -2.8710631 -0.6974409 0 P 0
L -2.9911418 -0.6974409 -2.9911418 -0.6391732 0 P 0
L -3.0059055 -4.0875985 -3.0059055 -4.0442914 0 P 0
L -3.0088583 -4.7667323 -3.0088583 -4.7096456 0 P 0
L -3.0088583 -5.0029527 -3.0088583 -4.9537401 0 P 0
L -3.0088583 -5.1899606 -3.0088583 -5.140748 0 P 0
L -3.0236221 -4.6181102 -3.0236221 -4.5748031 0 P 0
L -3.027559 -1.8019292 -3.027559 -1.7802757 0 P 0
L -3.027559 -1.9019292 -3.027559 -1.8802757 0 P 0
L -3.027559 -4.0442914 -3.0059055 -4.0442914 0 P 0
L -3.027559 -4.0875985 -3.0059055 -4.0875985 0 P 0
L -3.027559 -4.0875985 -3.027559 -4.0442914 0 P 0
L -3.0285433 -4.7667323 -3.0088583 -4.7667323 0 P 0
L -3.0285433 -4.9537401 -3.0088583 -4.9537401 0 P 0
L -3.0285433 -4.9537401 -3.0285433 -4.7667323 0 P 0
L -3.0285433 -5.0029527 -3.0088583 -5.0029527 0 P 0
L -3.0285433 -5.140748 -3.0088583 -5.140748 0 P 0
L -3.0285433 -5.140748 -3.0285433 -5.0029527 0 P 0
L -3.0452756 -4.5748031 -3.0236221 -4.5748031 0 P 0
L -3.0452756 -4.6181102 -3.0236221 -4.6181102 0 P 0
L -3.0452756 -4.6181102 -3.0452756 -4.5748031 0 P 0
L -3.0482284 -5.2962598 -3.0482284 -5.1899606 0 P 0
L -3.0501968 -4.0866142 -3.0501968 -4.0452757 0 P 0
L -3.0708661 -1.7802757 -3.027559 -1.7802757 0 P 0
L -3.0708661 -1.8019292 -3.027559 -1.8019292 0 P 0
L -3.0708661 -1.8019292 -3.0708661 -1.7802757 0 P 0
L -3.0708661 -1.8802757 -3.027559 -1.8802757 0 P 0
L -3.0708661 -1.9019292 -3.027559 -1.9019292 0 P 0
L -3.0708661 -1.9019292 -3.0708661 -1.8802757 0 P 0
L -3.0718503 -4.0452757 -3.0501968 -4.0452757 0 P 0
L -3.0718503 -4.0866142 -3.0501968 -4.0866142 0 P 0
L -3.0718503 -4.0866142 -3.0718503 -4.0452757 0 P 0
L -3.072834 -4.5236241 -3.072834 -4.4763793 2 P 0
L -3.0798082 -1.6022198 -3.0798082 -1.5805663 0 P 0
L -3.0846458 -4.4498031 -3.0846458 -4.4281496 0 P 0
L -3.089567 -4.1574803 -2.9261811 -4.1574803 0 P 0
L -3.089567 -4.3208662 -2.9261811 -4.3208662 0 P 0
L -3.089567 -4.3208662 -3.089567 -4.1574803 0 P 0
L -3.0935039 -4.1062993 -3.0935039 -4.0649608 0 P 0
L -3.105315 -4.5836615 -3.105315 -4.562008 0 P 0
L -3.105315 -4.6309056 -3.105315 -4.6092521 0 P 0
L -3.1082678 0 -2.753937 0 1 P 0
L -3.1082678 0 -2.753937 0 1 P 0
L -3.1082678 -0.5708662 -2.753937 -0.5708662 1 P 0
L -3.1082678 -0.5708662 -3.1082678 0 1 P 0
L -3.1151574 -4.0649608 -3.0935039 -4.0649608 0 P 0
L -3.1151574 -4.1062993 -3.0935039 -4.1062993 0 P 0
L -3.1151574 -4.1062993 -3.1151574 -4.0649608 0 P 0
L -3.1231153 -1.5805663 -3.0798082 -1.5805663 0 P 0
L -3.1231153 -1.6022198 -3.0798082 -1.6022198 0 P 0
L -3.1231153 -1.6022198 -3.1231153 -1.5805663 0 P 0
L -3.1259843 -4.4281496 -3.0846458 -4.4281496 0 P 0
L -3.1259843 -4.4498031 -3.0846458 -4.4498031 0 P 0
L -3.1259843 -4.4498031 -3.1259843 -4.4281496 0 P 0
L -3.1377953 -4.1062993 -3.1377953 -4.0649608 0 P 0
L -3.1407481 -4.1683071 -3.1407481 -4.1466536 0 P 0
L -3.1407482 -4.2116141 -3.1407482 -4.1899606 0 P 0
L -3.1407482 -4.2549212 -3.1407482 -4.2332677 0 P 0
L -3.1440763 -0.7410959 -2.8540795 -0.7410959 3 P 0
L -3.1440763 -2.2410959 -2.8540795 -2.2410959 3 P 0
L -3.1440763 -2.2410959 -3.1440763 -0.7410959 3 P 0
L -3.1466535 -4.562008 -3.105315 -4.562008 0 P 0
L -3.1466535 -4.5836615 -3.105315 -4.5836615 0 P 0
L -3.1466535 -4.5836615 -3.1466535 -4.562008 0 P 0
L -3.1466535 -4.6092521 -3.105315 -4.6092521 0 P 0
L -3.1466535 -4.6309056 -3.105315 -4.6309056 0 P 0
L -3.1466535 -4.6309056 -3.1466535 -4.6092521 0 P 0
L -3.1515732 -4.4763793 -3.072834 -4.4763793 2 P 0
L -3.1515732 -4.5236241 -3.072834 -4.5236241 2 P 0
L -3.1515732 -4.5236241 -3.1515732 -4.4763793 2 P 0
L -3.1594488 -4.0649608 -3.1377953 -4.0649608 0 P 0
L -3.1594488 -4.1062993 -3.1377953 -4.1062993 0 P 0
L -3.1594488 -4.1062993 -3.1594488 -4.0649608 0 P 0
L -3.1702758 -4.312992 -3.1702758 -4.2913385 0 P 0
L -3.1702758 -4.3562991 -3.1702758 -4.3346456 0 P 0
L -3.1820866 -4.1466536 -3.1407481 -4.1466536 0 P 0
L -3.1820866 -4.1683071 -3.1407481 -4.1683071 0 P 0
L -3.1820866 -4.1683071 -3.1820866 -4.1466536 0 P 0
L -3.1820867 -4.1899606 -3.1407482 -4.1899606 0 P 0
L -3.1820867 -4.2116141 -3.1407482 -4.2116141 0 P 0
L -3.1820867 -4.2116141 -3.1820867 -4.1899606 0 P 0
L -3.1820867 -4.2332677 -3.1407482 -4.2332677 0 P 0
L -3.1820867 -4.2549212 -3.1407482 -4.2549212 0 P 0
L -3.1820867 -4.2549212 -3.1820867 -4.2332677 0 P 0
L -3.1971971 -1.4108247 -3.1971971 -1.3891712 0 P 0
L -3.2066929 -4.5196851 -3.2066929 -4.476378 0 P 0
L -3.2066929 -4.6181103 -3.2066929 -4.5748032 0 P 0
L -3.2116143 -4.2913385 -3.1702758 -4.2913385 0 P 0
L -3.2116143 -4.312992 -3.1702758 -4.312992 0 P 0
L -3.2116143 -4.312992 -3.2116143 -4.2913385 0 P 0
L -3.2116143 -4.3346456 -3.1702758 -4.3346456 0 P 0
L -3.2116143 -4.3562991 -3.1702758 -4.3562991 0 P 0
L -3.2116143 -4.3562991 -3.2116143 -4.3346456 0 P 0
L -3.218368 -2.8863625 -2.9233664 -2.8863625 3 P 0
L -3.218368 -3.7253609 -2.9233664 -3.7253609 3 P 0
L -3.218368 -3.7253609 -3.218368 -2.8863625 3 P 0
L -3.2194882 -1.0029528 -3.2194882 -0.9596457 0 P 0
L -3.2283464 -4.476378 -3.2066929 -4.476378 0 P 0
L -3.2283464 -4.5196851 -3.2066929 -4.5196851 0 P 0
L -3.2283464 -4.5196851 -3.2283464 -4.476378 0 P 0
L -3.2283464 -4.5748032 -3.2066929 -4.5748032 0 P 0
L -3.2283464 -4.6181103 -3.2066929 -4.6181103 0 P 0
L -3.2283464 -4.6181103 -3.2283464 -4.5748032 0 P 0
L -3.2405042 -1.3891712 -3.1971971 -1.3891712 0 P 0
L -3.2405042 -1.4108247 -3.1971971 -1.4108247 0 P 0
L -3.2405042 -1.4108247 -3.2405042 -1.3891712 0 P 0
L -3.2411417 -0.9596457 -3.2194882 -0.9596457 0 P 0
L -3.2411417 -1.0029528 -3.2194882 -1.0029528 0 P 0
L -3.2411417 -1.0029528 -3.2411417 -0.9596457 0 P 0
L -3.256891 -4.1043314 -3.256891 -4.0255922 2 P 0
L -3.2578741 -0.5580708 -3.2578741 -0.3139764 3 P 0
L -3.2578741 -0.9763779 -3.2578741 -0.7322835 3 P 0
L -3.2598425 -4.5196851 -3.2598425 -4.476378 0 P 0
L -3.2598425 -4.6181103 -3.2598425 -4.5748032 0 P 0
L -3.281496 -4.476378 -3.2598425 -4.476378 0 P 0
L -3.281496 -4.5196851 -3.2598425 -4.5196851 0 P 0
L -3.281496 -4.5196851 -3.281496 -4.476378 0 P 0
L -3.281496 -4.5748032 -3.2598425 -4.5748032 0 P 0
L -3.281496 -4.6181103 -3.2598425 -4.6181103 0 P 0
L -3.281496 -4.6181103 -3.281496 -4.5748032 0 P 0
L -3.2844488 -5.2962598 -3.0482284 -5.2962598 0 P 0
L -3.2844488 -5.2962598 -3.2844488 -5.1899606 0 P 0
L -3.2874017 -4.3120078 -3.2874017 -4.2903543 0 P 0
L -3.2874017 -4.3572834 -3.2874017 -4.3356299 0 P 0
L -3.3041338 -4.1998031 -3.3041338 -4.1781496 0 P 0
L -3.3041339 -4.9537401 -3.3041339 -4.7667323 0 P 0
L -3.3041339 -5.140748 -3.3041339 -5.0029527 0 P 0
L -3.3041358 -4.0255922 -3.256891 -4.0255922 2 P 0
L -3.3041358 -4.1043314 -3.256891 -4.1043314 2 P 0
L -3.3041358 -4.1043314 -3.3041358 -4.0255922 2 P 0
L -3.3188979 -0.5970474 -3.3188979 -0.5387797 0 P 0
L -3.3188981 -0.4444883 -3.3188981 -0.3862206 0 P 0
L -3.3238189 -4.7096456 -3.0088583 -4.7096456 0 P 0
L -3.3238189 -4.7667323 -3.3041339 -4.7667323 0 P 0
L -3.3238189 -4.7667323 -3.3238189 -4.7096456 0 P 0
L -3.3238189 -4.9537401 -3.3041339 -4.9537401 0 P 0
L -3.3238189 -5.0029527 -3.3041339 -5.0029527 0 P 0
L -3.3238189 -5.0029527 -3.3238189 -4.9537401 0 P 0
L -3.3238189 -5.140748 -3.3041339 -5.140748 0 P 0
L -3.3238189 -5.1899606 -3.0088583 -5.1899606 0 P 0
L -3.3238189 -5.1899606 -3.3238189 -5.140748 0 P 0
L -3.3307088 -4.2903543 -3.2874017 -4.2903543 0 P 0
L -3.3307088 -4.3120078 -3.2874017 -4.3120078 0 P 0
L -3.3307088 -4.3120078 -3.3307088 -4.2903543 0 P 0
L -3.3307088 -4.3356299 -3.2874017 -4.3356299 0 P 0
L -3.3307088 -4.3572834 -3.2874017 -4.3572834 0 P 0
L -3.3307088 -4.3572834 -3.3307088 -4.3356299 0 P 0
L -3.3415355 -4.5836614 -3.3415355 -4.5620079 0 P 0
L -3.3415355 -4.6309055 -3.3415355 -4.609252 0 P 0
L -3.3426969 -1.144685 -3.3426969 -1.0875983 0 P 0
L -3.3474409 -4.1781496 -3.3041338 -4.1781496 0 P 0
L -3.3474409 -4.1998031 -3.3041338 -4.1998031 0 P 0
L -3.3474409 -4.1998031 -3.3474409 -4.1781496 0 P 0
L -3.3572836 -0.3267719 -3.3572836 -0.3051184 0 P 0
L -3.3582677 -1.1906932 -3.3582677 -1.1690397 0 P 0
L -3.3769684 -0.6781497 -3.3769684 -0.6564962 0 P 0
L -3.382874 -4.5620079 -3.3415355 -4.5620079 0 P 0
L -3.382874 -4.5836614 -3.3415355 -4.5836614 0 P 0
L -3.382874 -4.5836614 -3.382874 -4.5620079 0 P 0
L -3.382874 -4.609252 -3.3415355 -4.609252 0 P 0
L -3.382874 -4.6309055 -3.3415355 -4.6309055 0 P 0
L -3.382874 -4.6309055 -3.382874 -4.609252 0 P 0
L -3.4005907 -0.3051184 -3.3572836 -0.3051184 0 P 0
L -3.4005907 -0.3267719 -3.3572836 -0.3267719 0 P 0
L -3.4005907 -0.3267719 -3.4005907 -0.3051184 0 P 0
L -3.4015748 -1.1690397 -3.3582677 -1.1690397 0 P 0
L -3.4015748 -1.1906932 -3.3582677 -1.1906932 0 P 0
L -3.4015748 -1.1906932 -3.4015748 -1.1690397 0 P 0
L -3.4202755 -0.6564962 -3.3769684 -0.6564962 0 P 0
L -3.4202755 -0.6781497 -3.3769684 -0.6781497 0 P 0
L -3.4202755 -0.6781497 -3.4202755 -0.6564962 0 P 0
L -3.4293111 -1.0875983 -3.3426969 -1.0875983 0 P 0
L -3.4293111 -1.144685 -3.3426969 -1.144685 0 P 0
L -3.4293111 -1.144685 -3.4293111 -1.0875983 0 P 0
L -3.4389766 -0.5387797 -3.3188979 -0.5387797 0 P 0
L -3.4389766 -0.5970474 -3.3188979 -0.5970474 0 P 0
L -3.4389766 -0.5970474 -3.4389766 -0.5387797 0 P 0
L -3.4389768 -0.3862206 -3.3188981 -0.3862206 0 P 0
L -3.4389768 -0.4444883 -3.3188981 -0.4444883 0 P 0
L -3.4389768 -0.4444883 -3.4389768 -0.3862206 0 P 0
L -3.4429135 -4.6181102 -3.4429135 -4.5748031 0 P 0
L -3.4606302 -0.5137798 -3.4606302 -0.4704727 0 P 0
L -3.4606302 -0.6171262 -3.4606302 -0.5738191 0 P 0
L -3.464567 -4.5748031 -3.4429135 -4.5748031 0 P 0
L -3.464567 -4.6181102 -3.4429135 -4.6181102 0 P 0
L -3.464567 -4.6181102 -3.464567 -4.5748031 0 P 0
L -3.4822837 -0.4704727 -3.4606302 -0.4704727 0 P 0
L -3.4822837 -0.5137798 -3.4606302 -0.5137798 0 P 0
L -3.4822837 -0.5137798 -3.4822837 -0.4704727 0 P 0
L -3.4822837 -0.5738191 -3.4606302 -0.5738191 0 P 0
L -3.4822837 -0.6171262 -3.4606302 -0.6171262 0 P 0
L -3.4822837 -0.6171262 -3.4822837 -0.5738191 0 P 0
L -3.5019685 -0.3139764 -3.2578741 -0.3139764 3 P 0
L -3.5019685 -0.5580708 -3.2578741 -0.5580708 3 P 0
L -3.5019685 -0.5580708 -3.5019685 -0.3139764 3 P 0
L -3.5019685 -0.7322835 -3.2578741 -0.7322835 3 P 0
L -3.5019685 -0.9763779 -3.2578741 -0.9763779 3 P 0
L -3.5019685 -0.9763779 -3.5019685 -0.7322835 3 P 0
L -3.5433071 0 -2.1342297 0 0 P 0
L -3.5433071 -5.3149606 0 -5.3149606 0 P 0
L -3.5433071 -5.3149606 -3.5433071 0 0 P 0
P -0.2559116 -0.1358949 5 P 0 0
P -0.3444944 -0.1359028 5 P 0 0
P -1.2656868 -0.4724442 4 P 0 0
P -3.3485218 -1.1161425 4 P 0 0
